Sample	Custom content: Biotype Counts_mqc-generalstats-custom_content_biotype_counts-percent_rRNA	RSeQC_mqc-generalstats-rseqc-proper_pairs_percent	Samtools: stats_mqc-generalstats-samtools_stats-error_rate	Samtools: stats_mqc-generalstats-samtools_stats-non_primary_alignments	Samtools: stats_mqc-generalstats-samtools_stats-reads_mapped	Samtools: stats_mqc-generalstats-samtools_stats-reads_mapped_percent	Samtools: stats_mqc-generalstats-samtools_stats-reads_properly_paired_percent	Samtools: stats_mqc-generalstats-samtools_stats-reads_MQ0_percent	Samtools: stats_mqc-generalstats-samtools_stats-raw_total_sequences	Samtools: flagstat_mqc-generalstats-samtools_flagstat-flagstat_total	Samtools: flagstat_mqc-generalstats-samtools_flagstat-mapped_passed	Samtools: flagstat_mqc-generalstats-samtools_flagstat-mapped_passed_pct	STAR_mqc-generalstats-star-uniquely_mapped_percent	STAR_mqc-generalstats-star-uniquely_mapped	UMI Tools Dedup_mqc-generalstats-umi_tools_dedup-dedup_output_reads	UMI Tools Dedup_mqc-generalstats-umi_tools_dedup-dedup_percent_passing	SortMeRNA_mqc-generalstats-sortmerna-rRNA_pct	FastQC (raw)_mqc-generalstats-fastqc_raw-percent_duplicates	FastQC (raw)_mqc-generalstats-fastqc_raw-percent_gc	FastQC (raw)_mqc-generalstats-fastqc_raw-avg_sequence_length	FastQC (raw)_mqc-generalstats-fastqc_raw-median_sequence_length	FastQC (raw)_mqc-generalstats-fastqc_raw-percent_fails	FastQC (raw)_mqc-generalstats-fastqc_raw-total_sequences	Cutadapt_mqc-generalstats-cutadapt-percent_trimmed	FastQC (trimmed)_mqc-generalstats-fastqc_trimmed-percent_duplicates	FastQC (trimmed)_mqc-generalstats-fastqc_trimmed-percent_gc	FastQC (trimmed)_mqc-generalstats-fastqc_trimmed-avg_sequence_length	FastQC (trimmed)_mqc-generalstats-fastqc_trimmed-median_sequence_length	FastQC (trimmed)_mqc-generalstats-fastqc_trimmed-percent_fails	FastQC (trimmed)_mqc-generalstats-fastqc_trimmed-total_sequences
A-2024-0142_A12_S1	2.9694204136765567e-05	92.89029566926227	0.003144654	2910531.0	68542145.0	100.0	100.0	0.18103168495821076	68542145.0	71452676	71452676	100.0	94.99	51782056.0	35904598	64.01														
A-2024-0142_A12_S1_1																		42.94791537375255	49.0	150.0	150	18.181818181818183	56451961.0	2.909538131074814	57.75873820555578	49.0	141.88326357248724	145	18.181818181818183	55752143.0
A-2024-0142_A12_S1_2																	1.5956453907072237	43.37778131838468	50.0	150.0	150	18.181818181818183	56451961.0	3.027360445336938	58.18452533955348	50.0	141.75125492485554	145	18.181818181818183	55752143.0
A-2024-0142_A14_S2	2.5199644181024163e-05	92.63177125285598	0.002991393	4083877.0	91509640.0	100.0	100.0	0.1977824412815961	91509640.0	95593517	95593517	100.0	94.6	55356237.0	48049047	79.8														
A-2024-0142_A14_S2_1																		32.4924590578844	49.0	150.0	150	18.181818181818183	60307022.0	2.58014521895574	51.6829327236213	48.0	141.58299450293418	145	18.181818181818183	59906323.0
A-2024-0142_A14_S2_2																	1.7063724642221823	32.67535709828557	50.0	150.0	150	18.181818181818183	60307022.0	2.7040248629181476	52.004704475422685	50.0	141.44660813183276	145	18.181818181818183	59906323.0
A-2024-0142_A16_S3	2.749681704702097e-05	93.15732251756572	0.003232976	2331771.0	57397816.0	100.0	100.0	0.1823327215098219	57397816.0	59729587	59729587	100.0	95.51	50767444.0	30003063	54.74														
A-2024-0142_A16_S3_1																		49.22068678659532	49.0	150.0	150	18.181818181818183	55138196.0	2.44482318572773	61.333468024239224	49.0	142.66569205240103	145	18.181818181818183	54410244.0
A-2024-0142_A16_S3_2																	1.6319371771242195	49.844093072775095	50.0	150.0	150	18.181818181818183	55138196.0	2.577194994892845	62.04862707221405	50.0	142.50996152489225	145	18.181818181818183	54410244.0
A-2024-0142_A18_S4	3.3896293403812594e-05	92.84544710169826	0.003101511	3715662.0	86937494.0	100.0	100.0	0.1871793083890824	86937494.0	90653156	90653156	100.0	95.03	67564820.0	45555125	62.18														
A-2024-0142_A18_S4_1																		45.36863201111375	49.0	150.0	150	18.181818181818183	73404881.0	2.3479970982611755	60.581483258137716	49.0	142.13189740125253	145	18.181818181818183	72803072.0
A-2024-0142_A18_S4_2																	1.7459132768463397	46.43711192656224	50.0	150.0	150	18.181818181818183	73404881.0	2.4688890027391484	61.79532703216124	50.0	141.99446240400405	145	18.181818181818183	72803072.0
A-2024-0142_A20_S5	2.9274717055285487e-05	93.05102313219844	0.003052063	2587157.0	61959194.0	100.0	100.0	0.18322058869907185	61959194.0	64546351	64546351	100.0	95.08	40072959.0	32426733	74.8														
A-2024-0142_A20_S5_1																		34.225338569169494	49.0	150.0	150	18.181818181818183	43650493.0	2.6601391065222533	51.01343161248851	49.0	142.05165105297505	145	18.181818181818183	43171298.0
A-2024-0142_A20_S5_2																	1.7198104629608313	34.976720598377625	50.0	150.0	150	18.181818181818183	43650493.0	2.7865147222806934	51.866087209164164	50.0	141.9099344893452	145	18.181818181818183	43171298.0
A-2024-0142_A22_S6	0.00011303041587628699	92.81387425575048	0.003187304	4483057.0	104523900.0	100.0	100.0	0.19202880872221567	104523900.0	109006957	109006957	100.0	95.04	78138794.0	54793882	64.63														
A-2024-0142_A22_S6_1																		44.15333374065005	49.0	150.0	150	18.181818181818183	84850533.0	2.3054590228272547	60.3104238023176	49.0	142.26240669138696	145	18.181818181818183	84104776.0
A-2024-0142_A22_S6_2																	1.6259522526996564	44.813301194382696	50.0	150.0	150	18.181818181818183	84850533.0	2.4307439042494754	61.0988215090779	50.0	142.12501557580987	145	18.181818181818183	84104776.0
A-2024-0142_A24_S7	2.2894982637818866e-05	93.00120102653098	0.002967187	4118476.0	98100748.0	100.0	100.0	0.18389869973264628	98100748.0	102219224	102219224	100.0	94.94	69467269.0	51370393	68.31														
A-2024-0142_A24_S7_1																		43.57109343918278	49.0	150.0	150	18.181818181818183	75136762.0	2.2767376713907916	61.507341649839944	49.0	142.0352146202092	145	18.181818181818183	74631928.0
A-2024-0142_A24_S7_2																	1.4264746048098877	42.39536905376756	50.0	150.0	150	18.181818181818183	75136762.0	2.3872427224886543	60.04755695524717	50.0	141.91160649099137	145	18.181818181818183	74631928.0
A-2024-0142_B11_S9	2.5217003119127138e-05	93.57139311720452	0.002922002	2409042.0	62664808.0	100.0	100.0	0.18065482623037799	62664808.0	65073850	65073850	100.0	95.58	37544850.0	32684820	80.87														
A-2024-0142_B11_S9_1																		28.84808722196469	49.0	150.0	150	18.181818181818183	40751690.0	1.9415893739833139	47.64261797998361	49.0	142.61390979519058	145	9.090909090909092	40447799.0
A-2024-0142_B11_S9_2																	2.1939722851174177	29.26775669485332	50.0	150.0	150	18.181818181818183	40751690.0	2.080305178119924	47.88767755121385	50.0	142.45186859240474	145	9.090909090909092	40447799.0
A-2024-0142_B13_S10	6.580390567716019e-05	93.35142116253347	0.002779929	3000559.0	75517800.0	100.0	100.0	0.18145258468864295	75517800.0	78518359	78518359	100.0	95.5	45783538.0	39443328	79.84														
A-2024-0142_B13_S10_1																		32.13717622277319	49.0	150.0	150	18.181818181818183	50002775.0	2.2175982198505224	51.63547839870388	48.0	142.52210380484476	145	18.181818181818183	49516475.0
A-2024-0142_B13_S10_2																	2.4682633406356165	32.4988235449359	50.0	150.0	150	18.181818181818183	50002775.0	2.3738643608727994	51.26689703530172	50.0	142.33861760151547	145	18.181818181818183	49516475.0
A-2024-0142_B15_S11	1.5037358248932713e-05	93.35600238934748	0.003161209	2376585.0	60020367.0	100.0	100.0	0.17824782710842138	60020367.0	62396952	62396952	100.0	95.36	40615090.0	31345768	71.55														
A-2024-0142_B15_S11_1																		36.8023269362616	49.0	150.0	150	18.181818181818183	44900225.0	3.7647499078464417	52.44754257179333	49.0	142.13358405176945	145	18.181818181818183	43845466.0
A-2024-0142_B15_S11_2																	2.0435214441557084	36.7041962361618	51.0	150.0	150	18.181818181818183	44900225.0	3.9576209327420426	52.011096264856185	50.0	141.90586091615492	145	18.181818181818183	43845466.0
A-2024-0142_B17_S12	3.48015220160914e-05	93.16398798608199	0.002960647	2945386.0	71647432.0	100.0	100.0	0.18615461332933747	71647432.0	74592818	74592818	100.0	95.11	41834391.0	37479710	82.85														
A-2024-0142_B17_S12_1																		29.65189537560346	49.0	150.0	150	18.181818181818183	45880096.0	3.1514776375298807	48.86135058144134	49.0	141.85506379858788	145	9.090909090909092	45200060.0
A-2024-0142_B17_S12_2																	2.019407717600375	29.70955589079503	50.0	150.0	150	18.181818181818183	45880096.0	3.304261327102535	48.514630943586745	50.0	141.68011498214824	145	9.090909090909092	45200060.0
A-2024-0142_B19_S13	0.0005739390585466171	91.95985823223415	0.003094057	3872806.0	74654777.0	100.0	100.0	0.3446209476990334	74654777.0	78527583	78527583	100.0	95.1	50420746.0	39465244	71.58														
A-2024-0142_B19_S13_1																		44.667725115963876	51.0	150.0	150	18.181818181818183	63662023.0	3.502217608306831	59.88412309398704	51.0	141.95620138962016	145	18.181818181818183	62428282.0
A-2024-0142_B19_S13_2																	14.353190113416863	44.77780688690296	52.0	150.0	150	18.181818181818183	63662023.0	3.712673474701409	59.52701812865457	52.0	141.71524462262153	145	18.181818181818183	62428282.0
A-2024-0142_B1_S8	1.3236357074981105e-05	92.77806437773339	0.002966037	3736302.0	85759331.0	100.0	100.0	0.19271488953196242	85759331.0	89495633	89495633	100.0	94.65	53572683.0	44981469	77.35														
A-2024-0142_B1_S8_1																		35.37887307089474	49.0	150.0	150	18.181818181818183	59464391.0	4.818274241609164	53.12202481123426	49.0	140.98126214639936	145	18.181818181818183	57907593.0
A-2024-0142_B1_S8_2																	1.6545731748857182	35.715283948362725	50.0	150.0	150	18.181818181818183	59464391.0	4.934227577156798	53.27616750792444	50.0	140.8456826378537	145	18.181818181818183	57907593.0
A-2024-0142_B3_S14	2.4328359168602654e-05	93.06723763052742	0.002957295	2727843.0	65325968.0	100.0	100.0	0.19038370774697133	65325968.0	68053811	68053811	100.0	95.27	38231530.0	34201470	82.6														
A-2024-0142_B3_S14_1																		27.72034465373366	49.0	150.0	150	18.181818181818183	41476236.0	2.339370329122174	46.31174112693222	49.0	142.22442273712434	145	9.090909090909092	41108611.0
A-2024-0142_B3_S14_2																	1.64406308936101	28.44804926497946	50.0	150.0	150	18.181818181818183	41476236.0	2.4806810936932324	46.69549932573942	50.0	142.06332709708923	145	9.090909090909092	41108611.0
A-2024-0142_B5_S15	1.7668735243661284e-05	93.27058673637416	0.003009954	3016008.0	76036991.0	100.0	100.0	0.16293911472640993	76036991.0	79052999	79052999	100.0	95.51	48782456.0	39734009	75.34														
A-2024-0142_B5_S15_1																		34.85217513836642	49.0	150.0	150	18.181818181818183	52968814.0	2.11819122930295	53.291451779699415	49.0	142.78816264223065	145	18.181818181818183	52402995.0
A-2024-0142_B5_S15_2																	1.7951922404435092	35.11384469735208	51.0	150.0	150	18.181818181818183	52968814.0	2.286103915852227	53.34432729940908	50.0	142.5900965011637	145	18.181818181818183	52402995.0
A-2024-0142_B7_S16	0.00029921079867827646	92.86355389884248	0.002977863	2677665.0	61606517.0	100.0	100.0	0.2078757349648577	61606517.0	64284182	64284182	100.0	95.2	38250620.0	32300437	77.89														
A-2024-0142_B7_S16_1																		34.04505055017893	50.0	150.0	150	18.181818181818183	43187843.0	2.4905432379391486	51.849334012616694	49.0	142.1092534003255	145	18.181818181818183	42773552.0
A-2024-0142_B7_S16_2																	5.360234053042872	34.20162656278521	51.0	150.0	150	18.181818181818183	43187843.0	2.6361273903415126	51.482745790917505	51.0	141.94501335778708	145	18.181818181818183	42773552.0
A-2024-0142_B9_S17	0.00016153572200956518	93.4010667717051	0.002998569	1835416.0	46913721.0	100.0	100.0	0.16057775506658276	46913721.0	48749137	48749137	100.0	95.43	29245281.0	24488863	77.66														
A-2024-0142_B9_S17_1																		30.973264697353898	49.0	150.0	150	18.181818181818183	32097709.0	2.8785543326579734	47.81974299388649	49.0	142.39699056724402	145	9.090909090909092	31587481.0
A-2024-0142_B9_S17_2																	2.231678429818446	31.329244442388998	51.0	150.0	150	18.181818181818183	32097709.0	3.039511915492699	47.95949766120564	51.0	142.2114253111858	145	9.090909090909092	31587481.0
A-2024-0142_C12_S18	3.143252474211185e-05	92.8651414272949	0.003014281	2785657.0	64913050.0	100.0	100.0	0.18426495134645499	64913050.0	67698707	67698707	100.0	94.91	42455875.0	34016063	73.91														
A-2024-0142_C12_S18_1																		35.60293640393854	49.0	150.0	150	18.181818181818183	46191494.0	2.411234145970834	52.80481504117909	49.0	141.79654276469884	145	18.181818181818183	45896500.0
A-2024-0142_C12_S18_2																	1.886966326408332	36.11101390753668	50.0	150.0	150	18.181818181818183	46191494.0	2.524394209895008	53.29021776413721	50.0	141.67275951325266	145	18.181818181818183	45896500.0
A-2024-0142_C14_S19	1.671148477991079e-05	93.22372184029017	0.003108326	2178729.0	53906144.0	100.0	100.0	0.17456637224877372	53906144.0	56084873	56084873	100.0	95.44	40133564.0	28174984	65.04														
A-2024-0142_C14_S19_1																		40.813770448374974	49.0	150.0	150	18.181818181818183	43392629.0	1.8836254742553245	55.423399079613944	49.0	142.6026649345047	145	18.181818181818183	43099896.0
A-2024-0142_C14_S19_2																	1.765525141870412	41.279754583627906	50.0	150.0	150	18.181818181818183	43392629.0	2.0251926928053563	55.97442007045763	50.0	142.43465374023177	145	18.181818181818183	43099896.0
A-2024-0142_C16_S20	3.0995336503660335e-05	92.29807760763799	0.003090028	3476856.0	73832648.0	100.0	100.0	0.2070764142171902	73832648.0	77309504	77309504	100.0	93.92	52333770.0	38839241	68.14														
A-2024-0142_C16_S20_1																		40.50485341136344	49.0	150.0	150	27.27272727272727	57575368.0	4.237547437012444	56.34510584301197	49.0	139.60683089749472	145	18.181818181818183	57020882.0
A-2024-0142_C16_S20_2																	1.7362104290144091	41.18193691196604	50.0	150.0	150	27.27272727272727	57575368.0	4.330517546658327	56.880046978444945	50.0	139.50944283885332	145	18.181818181818183	57020882.0
A-2024-0142_C18_S21	4.918405532778034e-05	92.68924285376433	0.003031919	3462961.0	78335174.0	100.0	100.0	0.1911491254235294	78335174.0	81798135	81798135	100.0	94.41	51379890.0	41098412	73.66														
A-2024-0142_C18_S21_1																		36.65375076029227	49.0	150.0	150	18.181818181818183	56347282.0	3.144741152762686	54.411726177264974	49.0	140.97596024413053	145	18.181818181818183	55890917.0
A-2024-0142_C18_S21_2																	2.079679601606823	36.933070084696894	50.0	150.0	150	18.181818181818183	56347282.0	3.2560657158840116	54.67335057954972	50.0	140.85469238230604	145	18.181818181818183	55890917.0
A-2024-0142_C20_S22	0.00013382618377685645	93.12203757760494	0.003032818	1886421.0	45688032.0	100.0	100.0	0.17628905530446137	45688032.0	47574453	47574453	100.0	95.1	31115699.0	23897448	71.09														
A-2024-0142_C20_S22_1																		36.03977228478	49.0	150.0	150	18.181818181818183	34126782.0	3.2598809204231847	50.77130513016899	49.0	142.05192657383466	145	18.181818181818183	33533986.0
A-2024-0142_C20_S22_2																	1.776624466891589	36.656491941766134	50.0	150.0	150	18.181818181818183	34126782.0	3.369307061714957	51.43954316724087	50.0	141.93189989403587	145	18.181818181818183	33533986.0
A-2024-0142_C22_S23	1.215118898169067e-05	93.09377512663013	0.003019274	2365264.0	56669463.0	100.0	100.0	0.18791602101470417	56669463.0	59034727	59034727	100.0	95.22	36539487.0	29657544	75.06														
A-2024-0142_C22_S23_1																		32.73585491055984	49.0	150.0	150	18.181818181818183	39539108.0	1.958168431706863	49.67505760077238	49.0	142.34790166840597	145	9.090909090909092	39312614.0
A-2024-0142_C22_S23_2																	1.698145791068485	33.07348194270233	50.0	150.0	150	18.181818181818183	39539108.0	2.089133885995293	49.69697688169874	50.0	142.2052230360464	145	9.090909090909092	39312614.0
A-2024-0142_C24_S24	2.6869586680933973e-05	92.77529943703449	0.003146845	2965925.0	67784592.0	100.0	100.0	0.19975040935556565	67784592.0	70750517	70750517	100.0	94.88	53838336.0	35543781	60.89														
A-2024-0142_C24_S24_1																		45.90689244617312	49.0	150.0	150	18.181818181818183	58702384.0	2.8485751517995093	60.224130508022206	49.0	141.91229061436167	145	18.181818181818183	57999859.0
A-2024-0142_C24_S24_2																	1.5520451523856291	45.68725311886378	50.0	150.0	150	18.181818181818183	58702384.0	2.990566118910182	59.6963539842083	50.0	141.74865888898108	145	18.181818181818183	57999859.0
A-2024-0142_D13_S26	2.3688381907883262e-05	93.31017365784827	0.003030632	2636280.0	66350294.0	100.0	100.0	0.17333005336796248	66350294.0	68986574	68986574	100.0	95.41	42330624.0	34667378	75.83														
A-2024-0142_D13_S26_1																		34.19451842330743	49.0	150.0	150	18.181818181818183	46176965.0	2.757300954169951	51.55569615470938	49.0	142.42050192585614	145	18.181818181818183	45493014.0
A-2024-0142_D13_S26_2																	1.7445755517539463	34.38487218897674	50.0	150.0	150	18.181818181818183	46176965.0	2.9144848481832057	51.74764471057527	50.0	142.24104555921488	145	18.181818181818183	45493014.0
A-2024-0142_D15_S27	1.1858029270240871e-05	93.34942954598769	0.002934274	2988960.0	75704500.0	100.0	100.0	0.17250625788427373	75704500.0	78693460	78693460	100.0	95.48	46035402.0	39545764	79.56														
A-2024-0142_D15_S27_1																		31.78936855604357	49.0	150.0	150	18.181818181818183	50159954.0	2.3633146432531307	51.17291622360707	49.0	142.49540097814707	145	18.181818181818183	49601743.0
A-2024-0142_D15_S27_2																	2.119348910783236	32.09948748971411	50.0	150.0	150	18.181818181818183	50159954.0	2.5042497392269922	51.2475866714118	50.0	142.33539752826832	145	18.181818181818183	49601743.0
A-2024-0142_D17_S28	2.678979767962081e-05	93.49211035089452	0.003121934	2236996.0	58333315.0	100.0	100.0	0.1639234800902366	58333315.0	60570311	60570311	100.0	95.54	38161067.0	30431569	73.98														
A-2024-0142_D17_S28_1																		35.34634233980867	49.0	150.0	150	18.181818181818183	42347817.0	3.878696224908936	51.41270575766666	48.0	142.5770979431071	145	18.181818181818183	41164224.0
A-2024-0142_D17_S28_2																	2.142973714262171	35.200386394941646	51.0	150.0	150	18.181818181818183	42347817.0	4.069554965856144	51.02093187756991	50.0	142.3514310873442	145	18.181818181818183	41164224.0
A-2024-0142_D19_S29	1.52794817370925e-05	93.38248156793357	0.003045999	2871981.0	73220274.0	100.0	100.0	0.17355575588258518	73220274.0	76092255	76092255	100.0	95.53	49444440.0	38237322	71.69														
A-2024-0142_D19_S29_1																		38.62449493836938	49.0	150.0	150	18.181818181818183	54174397.0	3.116483031006644	55.66602192923499	49.0	142.6066376432346	145	18.181818181818183	53089747.0
A-2024-0142_D19_S29_2																	1.8265551350244709	37.86480304476796	50.0	150.0	150	18.181818181818183	54174397.0	3.2789124633402262	54.23316235077122	50.0	142.42235283208262	145	18.181818181818183	53089747.0
A-2024-0142_D1_S25	3.6376676851125724e-05	93.06088405591473	0.002849667	3099365.0	74738879.0	100.0	100.0	0.1756181009886434	74738879.0	77838244	77838244	100.0	95.03	44642102.0	39116459	80.94														
A-2024-0142_D1_S25_1																		30.875398945394465	49.0	150.0	150	18.181818181818183	48491183.0	2.5804841889397245	50.5983921387957	49.0	141.8423853224901	145	18.181818181818183	48078346.0
A-2024-0142_D1_S25_2																	1.6467767006793452	31.174792273988473	50.0	150.0	150	18.181818181818183	48491183.0	2.728199901612117	50.61907170696306	50.0	141.66536034746287	145	18.181818181818183	48078346.0
A-2024-0142_D3_S30	3.4848127215179284e-05	93.47738870732387	0.003101965	2195731.0	57159500.0	100.0	100.0	0.16515889747111154	57159500.0	59355231	59355231	100.0	95.58	42102368.0	29823194	65.76														
A-2024-0142_D3_S30_1																		41.267746181986965	49.0	150.0	150	18.181818181818183	46403940.0	3.3514641213655563	56.17192576048281	49.0	142.4704366677781	145	18.181818181818183	45407060.0
A-2024-0142_D3_S30_2																	2.244652043096382	41.30686663274542	51.0	150.0	150	18.181818181818183	46403940.0	3.5133098909125033	55.93345873698319	51.0	142.28163210743	145	18.181818181818183	45407060.0
A-2024-0142_D5_S31	3.071255481807128e-05	93.66273390372525	0.003116048	2398944.0	64769610.0	100.0	100.0	0.15856201697061323	64769610.0	67168554	67168554	100.0	95.79	45329176.0	33752504	69.16														
A-2024-0142_D5_S31_1																		38.55901339346368	49.0	150.0	150	18.181818181818183	49463744.0	2.6307229712778493	54.93879562770261	49.0	142.9347543165037	145	18.181818181818183	48611507.0
A-2024-0142_D5_S31_2																	1.8724013225922	38.49623212265214	51.0	150.0	150	18.181818181818183	49463744.0	2.822487322124819	54.671884717843156	51.0	142.70481484970216	145	18.181818181818183	48611507.0
A-2024-0142_D7_S32	5.503795850059303e-05	93.43019527761327	0.003046293	2194871.0	56397662.0	100.0	100.0	0.16663102098097612	56397662.0	58592533	58592533	100.0	95.52	37953704.0	29438745	71.96														
A-2024-0142_D7_S32_1																		36.2688324767558	49.0	150.0	150	18.181818181818183	41852051.0	2.617966832242232	52.88287743369293	49.0	142.50060758037387	145	18.181818181818183	41270260.0
A-2024-0142_D7_S32_2																	2.9637637368894696	36.254443175854355	51.0	150.0	150	18.181818181818183	41852051.0	2.7954624881033823	52.58575064206207	51.0	142.2911541143671	145	18.181818181818183	41270260.0
A-2024-0142_D9_S33	9.67813016666979e-05	93.41823889614821	0.003009827	2224483.0	57501796.0	100.0	100.0	0.15769594396668932	57501796.0	59726279	59726279	100.0	95.65	37757893.0	30015129	73.68														
A-2024-0142_D9_S33_1																		35.090975168953605	49.0	150.0	150	18.181818181818183	41167514.0	2.3181089693265386	51.896732923623986	49.0	142.85764693515517	145	18.181818181818183	40620980.0
A-2024-0142_D9_S33_2																	2.0951624013010024	35.15637597441305	51.0	150.0	150	18.181818181818183	41167514.0	2.4691852733770814	51.94422381838574	50.0	142.6787543038105	145	18.181818181818183	40620980.0
A-2024-0142_E12_S34	4.2050383718511927e-05	92.74563516830895	0.003040849	2860640.0	64922386.0	100.0	100.0	0.19622969494682468	64922386.0	67783026	67783026	100.0	94.68	42190084.0	34058682	74.38														
A-2024-0142_E12_S34_1																		34.68862549244176	49.0	150.0	150	18.181818181818183	46010694.0	2.959937126340897	51.607071732304355	49.0	141.4842902392097	145	18.181818181818183	45554672.0
A-2024-0142_E12_S34_2																	1.5832305849990533	34.9519967344189	50.0	150.0	150	18.181818181818183	46010694.0	3.0838114017280565	51.90411826456423	50.0	141.34221245188638	145	18.181818181818183	45554672.0
A-2024-0142_E14_S35	6.832229580951005e-05	92.871149193556	0.003092319	2830047.0	66113239.0	100.0	100.0	0.1809940063593012	66113239.0	68943286	68943286	100.0	94.8	48664663.0	34630408	65.67														
A-2024-0142_E14_S35_1																		42.12447100320578	49.0	150.0	150	18.181818181818183	52901894.0	2.589239921392398	57.53412587490821	49.0	141.7044418455273	145	18.181818181818183	52501353.0
A-2024-0142_E14_S35_2																	1.6636123644280176	42.304861227346905	50.0	150.0	150	18.181818181818183	52901894.0	2.716108373007955	57.67641655562299	50.0	141.55776617794973	145	18.181818181818183	52501353.0
A-2024-0142_E16_S36	2.805198102213354e-05	92.98984805383772	0.00302058	2701339.0	64349647.0	100.0	100.0	0.18146331090207846	64349647.0	67050986	67050986	100.0	95.15	49357745.0	33683226	63.07														
A-2024-0142_E16_S36_1																		43.53778034209241	49.0	150.0	150	18.181818181818183	53470371.0	2.007644995742047	58.55479666465316	49.0	142.2472506977604	145	18.181818181818183	53181221.0
A-2024-0142_E16_S36_2																	1.8428525738436883	44.194533769406796	50.0	150.0	150	18.181818181818183	53470371.0	2.119951214309594	59.033403057730396	50.0	142.1221892028391	145	18.181818181818183	53181221.0
A-2024-0142_E18_S37	4.862140847468498e-05	92.34554243137815	0.003019277	4883113.0	104276575.0	100.0	100.0	0.21060051118863463	104276575.0	109159688	109159688	100.0	93.95	64638469.0	54860534	77.82														
A-2024-0142_E18_S37_1																		34.402201913066094	49.0	150.0	150	27.27272727272727	70731319.0	3.5689690388243274	53.61566177050111	49.0	140.05376322282976	145	18.181818181818183	70326569.0
A-2024-0142_E18_S37_2																	1.6189585475156623	35.6178183305549	50.0	150.0	150	27.27272727272727	70731319.0	3.6541309719994883	55.10721374089063	50.0	139.96732782456655	145	18.181818181818183	70326569.0
A-2024-0142_E20_S38	3.755882369069377e-05	92.5552691230518	0.003033347	2752936.0	60615493.0	100.0	100.0	0.20049824555580203	60615493.0	63368429	63368429	100.0	94.19	41496606.0	31834680	70.61														
A-2024-0142_E20_S38_1																		37.11862148302437	49.0	150.0	150	27.27272727272727	45373973.0	3.721256434068871	53.5143652366399	49.0	139.96140998275402	145	18.181818181818183	45067303.0
A-2024-0142_E20_S38_2																	1.6668891857140864	37.49589972016513	50.0	150.0	150	27.27272727272727	45373973.0	3.851345275665504	53.62738218364561	50.0	139.81793687543274	145	18.181818181818183	45067303.0
A-2024-0142_E22_S39	6.279612296736799e-05	93.0825130932558	0.003008896	2071852.0	50006295.0	100.0	100.0	0.17260826861898088	50006295.0	52078147	52078147	100.0	94.93	34577953.0	26161546	69.99														
A-2024-0142_E22_S39_1																		37.49550073796015	49.0	150.0	150	18.181818181818183	37620884.0	2.8300542528086443	53.25081794325964	49.0	141.69371620018947	145	18.181818181818183	37239299.0
A-2024-0142_E22_S39_2																	1.5915310328478525	37.37766947258356	50.0	150.0	150	18.181818181818183	37620884.0	2.9462710859909804	52.788499190864805	50.0	141.56858849571793	145	18.181818181818183	37239299.0
A-2024-0142_E24_S40	5.128687663194842e-05	92.76681816439155	0.003017773	2901242.0	66219708.0	100.0	100.0	0.1930754511934725	66219708.0	69120950	69120950	100.0	94.47	45433369.0	34723977	70.45														
A-2024-0142_E24_S40_1																		39.951091358256555	49.0	150.0	150	18.181818181818183	49623672.0	3.216093180356509	56.92599765029654	49.0	141.1897908587004	145	18.181818181818183	49105031.0
A-2024-0142_E24_S40_2																	1.537669327609222	38.859659592629846	50.0	150.0	150	18.181818181818183	49623672.0	3.3230782999332837	55.279699206335806	50.0	141.07034713001198	145	18.181818181818183	49105031.0
A-2024-0142_F11_S42	2.0615676882249952e-05	93.6042616767067	0.003001824	2472174.0	65254221.0	100.0	100.0	0.16772708082746096	65254221.0	67726395	67726395	100.0	95.62	40962378.0	34013529	77.19														
A-2024-0142_F11_S42_1																		32.576413187570694	49.0	150.0	150	18.181818181818183	44717743.0	2.3862023657573914	50.402801527229556	48.0	142.6073196314546	145	18.181818181818183	44172142.0
A-2024-0142_F11_S42_2																	2.3109780367906994	32.71430479441716	50.0	150.0	150	18.181818181818183	44717743.0	2.5390557097135957	50.23660380171747	50.0	142.42823087456344	145	18.181818181818183	44172142.0
A-2024-0142_F15_S43	2.8396643176016875e-05	93.51865896954077	0.003096475	2432111.0	63170038.0	100.0	100.0	0.17861474137470046	63170038.0	65602149	65602149	100.0	95.75	44136423.0	32954694	69.33														
A-2024-0142_F15_S43_1																		38.96825195525491	49.0	150.0	150	18.181818181818183	48598923.0	2.928737727590071	54.82459631337589	49.0	142.8046211399018	145	18.181818181818183	47654649.0
A-2024-0142_F15_S43_2																	2.499752962192629	39.013658097001255	51.0	150.0	150	18.181818181818183	48598923.0	3.1018761323238544	54.60775532103689	50.0	142.59800704858827	145	18.181818181818183	47654649.0
A-2024-0142_F17_S44	0.0002143529246680961	92.7996271021114	0.003019409	3105984.0	70072226.0	100.0	100.0	0.23460507733834515	70072226.0	73178210	73178210	100.0	95.28	43946957.0	36774124	77.12														
A-2024-0142_F17_S44_1																		37.03542882214119	50.0	150.0	150	18.181818181818183	50930413.0	2.7695987383060667	54.581928552657565	49.0	142.2146192622095	145	18.181818181818183	50247652.0
A-2024-0142_F17_S44_2																	7.490542045626331	36.82422011260944	51.0	150.0	150	18.181818181818183	50930413.0	2.9447565696328057	53.88450801006206	51.0	142.01280985228922	145	18.181818181818183	50247652.0
A-2024-0142_F1_S41	1.4848632851107895e-05	93.27801810980665	0.003005792	2448583.0	60889255.0	100.0	100.0	0.1761739407059587	60889255.0	63337838	63337838	100.0	95.24	35119109.0	31825406	83.88														
A-2024-0142_F1_S41_1																		26.803271942929214	49.0	150.0	150	18.181818181818183	38150194.0	2.4011772323196916	46.46545412107715	49.0	142.0997421031295	145	9.090909090909092	37822483.0
A-2024-0142_F1_S41_2																	1.7708726314980432	27.38013022238762	50.0	150.0	150	18.181818181818183	38150194.0	2.536948313941145	46.490629894942394	50.0	141.94711933640104	145	9.090909090909092	37822483.0
A-2024-0142_F3_S45	8.989303537827304e-06	93.15948045312909	0.002899699	3029798.0	74573518.0	100.0	100.0	0.1687676850648242	74573518.0	77603316	77603316	100.0	95.34	42442959.0	39003842	84.89														
A-2024-0142_F3_S45_1																		28.355540669888242	49.0	150.0	150	18.181818181818183	45963027.0	1.9631544884678873	49.01363531951559	49.0	142.50550974950977	145	9.090909090909092	45646449.0
A-2024-0142_F3_S45_2																	1.843301107606421	28.599600238080598	51.0	150.0	150	18.181818181818183	45963027.0	2.12359903972382	48.874484852599196	50.0	142.3131253210956	145	9.090909090909092	45646449.0
A-2024-0142_F5_S46	1.9912702711313602e-05	93.18242595631357	0.002967367	2738843.0	67438950.0	100.0	100.0	0.1713742577546062	67438950.0	70177793	70177793	100.0	95.25	39880704.0	35270514	81.74														
A-2024-0142_F5_S46_1																		30.04787307841174	49.0	150.0	150	18.181818181818183	43517645.0	2.685965198714223	49.223968633896085	49.0	142.21887878285662	145	9.090909090909092	42973014.0
A-2024-0142_F5_S46_2																	1.8458374830306297	30.351968879762964	51.0	150.0	150	18.181818181818183	43517645.0	2.8373686280508785	48.99641047573451	51.0	142.0440659107597	145	9.090909090909092	42973014.0
A-2024-0142_F7_S47	4.7419641945226666e-05	93.30049363790651	0.003239282	2428263.0	61170378.0	100.0	100.0	0.17390770415052853	61170378.0	63598641	63598641	100.0	95.53	42128082.0	31956716	70.22														
A-2024-0142_F7_S47_1																		38.05023726348854	49.0	150.0	150	18.181818181818183	46808476.0	3.599929121000841	53.54092403321809	49.0	142.50776980293725	145	18.181818181818183	45662355.0
A-2024-0142_F7_S47_2																	2.5664182235016133	37.67430341974519	51.0	150.0	150	18.181818181818183	46808476.0	3.8118566831563907	52.87587205623424	50.0	142.25205484912024	145	18.181818181818183	45662355.0
A-2024-0142_F9_S48	2.588614850313901e-05	93.32309052113828	0.003085141	2396232.0	60648954.0	100.0	100.0	0.16797981379860236	60648954.0	63045186	63045186	100.0	95.6	39549804.0	31679652	74.17														
A-2024-0142_F9_S48_1																		34.8342214881275	49.0	150.0	150	18.181818181818183	43247267.0	2.646960885133644	51.46194950282395	49.0	142.80929200750924	145	18.181818181818183	42535889.0
A-2024-0142_F9_S48_2																	1.9762617398216362	35.02120049428248	51.0	150.0	150	18.181818181818183	43247267.0	2.79267112516274	51.30802599259477	50.0	142.64098098431657	145	18.181818181818183	42535889.0
A-2024-0142_G12_S49	5.6245989882944996e-05	92.73426585253286	0.003017635	3355536.0	76645891.0	100.0	100.0	0.1843699618548371	76645891.0	80001427	80001427	100.0	94.65	49307595.0	40189700	75.1														
A-2024-0142_G12_S49_1																		35.68925554684719	49.0	150.0	150	18.181818181818183	53689377.0	2.5741783595997605	53.55454621526372	49.0	141.53748327792715	145	18.181818181818183	53358367.0
A-2024-0142_G12_S49_2																	1.7606863793264138	36.37792453942335	50.0	150.0	150	18.181818181818183	53689377.0	2.6727200262250816	54.17385272298064	50.0	141.43302012972023	145	18.181818181818183	53358367.0
A-2024-0142_G14_S50	3.6547623746599246e-05	92.4186536636333	0.00298219	3770396.0	81342257.0	100.0	100.0	0.20288716601507628	81342257.0	85112653	85112653	100.0	93.87	50379124.0	42755503	77.91														
A-2024-0142_G14_S50_1																		34.14568678201097	49.0	150.0	150	27.27272727272727	55729914.0	3.935953777306051	52.542033175592834	49.0	139.9957855320382	145	18.181818181818183	55213375.0
A-2024-0142_G14_S50_2																	2.268193168774776	34.722630288937324	50.0	150.0	150	27.27272727272727	55729914.0	4.034277050982857	53.26726405274139	50.0	139.890888104558	145	18.181818181818183	55213375.0
A-2024-0142_G16_S51	2.7422200389580346e-05	92.72280297422118	0.003018484	2936334.0	66530591.0	100.0	100.0	0.19720402002741866	66530591.0	69466925	69466925	100.0	94.63	44384222.0	34898708	72.44														
A-2024-0142_G16_S51_1																		36.37165203222472	49.0	150.0	150	18.181818181818183	48228404.0	2.5448890500581216	53.303644714481365	49.0	141.53631078120588	145	18.181818181818183	47946297.0
A-2024-0142_G16_S51_2																	1.6056193036137911	36.787187586451466	50.0	150.0	150	18.181818181818183	48228404.0	2.64354996823177	53.77688351311527	50.0	141.4322161521671	145	18.181818181818183	47946297.0
A-2024-0142_G18_S52	3.907865149160998e-05	92.2476181888456	0.00302424	4201639.0	88311258.0	100.0	100.0	0.21553424139875801	88311258.0	92512897	92512897	100.0	93.64	56348437.0	46487353	75.61														
A-2024-0142_G18_S52_1																		35.419298026285944	49.0	150.0	150	27.27272727272727	62132184.0	4.743746754611049	53.71205679251541	49.0	138.87176276782463	145	18.181818181818183	61536442.0
A-2024-0142_G18_S52_2																	1.6762165092352919	36.432972403619104	50.0	150.0	150	27.27272727272727	62132184.0	4.8530424569745	54.67669342918987	50.0	138.75181995410134	145	18.181818181818183	61536442.0
A-2024-0142_G20_S53	1.781740527086955e-05	92.36252695233772	0.003189043	2448889.0	51736114.0	100.0	100.0	0.21644455167235793	51736114.0	54185003	54185003	100.0	93.72	28961815.0	27215620	86.24														
A-2024-0142_G20_S53_1																		24.7087241472356	49.0	150.0	150	27.27272727272727	31815554.0	4.2247365051004016	43.381303714498095	49.0	139.0368327405902	145	9.090909090909092	31649179.0
A-2024-0142_G20_S53_2																	1.7312076246906751	25.105972800389637	50.0	150.0	150	27.27272727272727	31815554.0	4.353756049310195	43.361943586114606	50.0	138.8989957369826	145	9.090909090909092	31649179.0
A-2024-0142_G22_S54	1.5461143286609242e-05	92.67411327483194	0.003010884	3356969.0	74680260.0	100.0	100.0	0.20924271018874335	74680260.0	78037229	78037229	100.0	94.59	43772515.0	39208722	82.42														
A-2024-0142_G22_S54_1																		28.909358165842818	49.0	150.0	150	18.181818181818183	47536204.0	2.6228731350486694	48.64032130280157	48.0	141.29511687754115	145	9.090909090909092	47301517.0
A-2024-0142_G22_S54_2																	1.5681917770205975	29.006058762354073	50.0	150.0	150	18.181818181818183	47536204.0	2.745118864451768	48.40828425387955	49.0	141.1611719133659	145	9.090909090909092	47301517.0
A-2024-0142_H11_S56	2.8368374948215895e-05	93.24866550813248	0.002875426	2915540.0	71969892.0	100.0	100.0	0.18307655651338203	71969892.0	74885432	74885432	100.0	95.26	43484626.0	37610674	80.09														
A-2024-0142_H11_S56_1																		31.39779332902151	49.0	150.0	150	18.181818181818183	47567416.0	2.714090772296444	50.00676861437477	48.0	142.00372609780513	145	18.181818181818183	47035534.0
A-2024-0142_H11_S56_2																	2.260979964636949	31.674077419460062	50.0	150.0	150	18.181818181818183	47567416.0	2.8525368478403728	50.15423834360534	50.0	141.8421843791547	145	18.181818181818183	47035534.0
A-2024-0142_H13_S57	5.806710589991854e-05	93.04035728485258	0.002970958	2764732.0	65700751.0	100.0	100.0	0.19705863027349568	65700751.0	68465483	68465483	100.0	95.02	41197273.0	34400718	77.19														
A-2024-0142_H13_S57_1																		35.26169939706196	49.0	150.0	150	18.181818181818183	46638123.0	3.0713071808006838	53.175214276225915	49.0	141.54971053636856	145	18.181818181818183	46093528.0
A-2024-0142_H13_S57_2																	5.352196082712523	34.66959232565246	50.0	150.0	150	18.181818181818183	46638123.0	3.1962709547945245	52.20522378561012	50.0	141.41407450954938	145	18.181818181818183	46093528.0
A-2024-0142_H15_S58	8.963689885013787e-05	93.28607789695671	0.003083389	2400121.0	60004833.0	100.0	100.0	0.17585583481250583	60004833.0	62404954	62404954	100.0	95.35	42189507.0	31348299	68.89														
A-2024-0142_H15_S58_1																		39.238723564986245	49.0	150.0	150	18.181818181818183	46187445.0	2.8289917612743105	55.06058634578836	49.0	142.16635385875668	145	18.181818181818183	45555114.0
A-2024-0142_H15_S58_2																	2.186166189815703	39.304692830045326	50.0	150.0	150	18.181818181818183	46187445.0	2.9817653574099166	54.74284122165342	50.0	141.99332601823804	145	18.181818181818183	45555114.0
A-2024-0142_H17_S59	4.897093697317984e-05	93.18331240636888	0.002955931	2639320.0	64393017.0	100.0	100.0	0.18326366040591016	64393017.0	67032337	67032337	100.0	95.11	37707331.0	33678603	82.61														
A-2024-0142_H17_S59_1																		29.646678351749543	49.0	150.0	150	18.181818181818183	41380110.0	3.1777800560670832	48.77508912458666	49.0	141.79853604477756	145	9.090909090909092	40773105.0
A-2024-0142_H17_S59_2																	2.1135047232728534	29.88895003665276	50.0	150.0	150	18.181818181818183	41380110.0	3.3111311457239423	48.51895661316304	50.0	141.64898640905568	145	9.090909090909092	40773105.0
A-2024-0142_H1_S55	3.517509265758953e-05	92.59557988960813	0.002967857	3288936.0	72377138.0	100.0	100.0	0.21267351024573533	72377138.0	75666074	75666074	100.0	94.36	41627613.0	38023839	83.95														
A-2024-0142_H1_S55_1																		28.08706422640182	49.0	150.0	150	27.27272727272727	45843813.0	4.127454127177724	47.157780268538474	49.0	140.26965236391038	145	9.090909090909092	45227180.0
A-2024-0142_H1_S55_2																	1.848955650120127	28.820222192678102	50.0	150.0	150	27.27272727272727	45843813.0	4.250939658065107	47.716724050129024	50.0	140.12867154220095	145	9.090909090909092	45227180.0
A-2024-0142_H3_S60	2.9885370924149058e-05	92.91055486882804	0.003000582	2621261.0	60894147.0	100.0	100.0	0.19899777888341222	60894147.0	63515408	63515408	100.0	95.13	35970303.0	31915728	81.83														
A-2024-0142_H3_S60_1																		29.6581718155568	49.0	150.0	150	18.181818181818183	39766507.0	2.5295501685063417	47.957782056164845	49.0	142.1947772905469	145	9.090909090909092	39340921.0
A-2024-0142_H3_S60_2																	3.17467402453542	29.950416843165243	50.0	150.0	150	18.181818181818183	39766507.0	2.6671459633276227	47.917623363814954	50.0	142.04612507673625	145	9.090909090909092	39340921.0
A-2024-0142_H5_S61	3.931948972739012e-05	92.80431184225387	0.002937162	3019655.0	69144395.0	100.0	100.0	0.1988172721736881	69144395.0	72164050	72164050	100.0	94.92	40349808.0	36270421	82.79														
A-2024-0142_H5_S61_1																		30.13968277482367	49.0	150.0	150	18.181818181818183	44316276.0	2.6349877288487837	49.65974465649439	49.0	141.74048080747235	145	9.090909090909092	43946322.0
A-2024-0142_H5_S61_2																	2.64274675819287	29.848585549963246	50.0	150.0	150	18.181818181818183	44316276.0	2.7516920606683244	48.72961081280709	50.0	141.61144498053784	145	9.090909090909092	43946322.0
A-2024-0142_H7_S62	4.401305198253932e-05	92.89926059393775	0.003019754	2214925.0	51479793.0	100.0	100.0	0.19332245566721684	51479793.0	53694718	53694718	100.0	94.9	29481073.0	26978201	84.39														
A-2024-0142_H7_S62_1																		26.547667606496873	49.0	150.0	150	18.181818181818183	32473959.0	2.9961370501249305	44.89893286179857	49.0	141.36233935833337	145	9.090909090909092	32165145.0
A-2024-0142_H7_S62_2																	2.5859171472723035	27.515992246485936	51.0	150.0	150	18.181818181818183	32473959.0	3.1529275503488807	45.33316940049461	50.0	141.17814970210767	145	9.090909090909092	32165145.0
A-2024-0142_H9_S63	6.229064719082678e-05	92.78738899068605	0.002966353	2855123.0	65472477.0	100.0	100.0	0.19456572568653543	65472477.0	68327600	68327600	100.0	94.91	42009996.0	34336042	75.34														
A-2024-0142_H9_S63_1																		35.07413148871959	49.0	150.0	150	18.181818181818183	46345084.0	3.168994163213841	52.28787435057999	49.0	141.63321595006965	145	18.181818181818183	45727700.0
A-2024-0142_H9_S63_2																	2.583888977578142	35.27315419723658	51.0	150.0	150	18.181818181818183	46345084.0	3.2936560627779143	52.016787037353616	50.0	141.49809419673414	145	18.181818181818183	45727700.0
A-2024-0142_I10_S64	7.446383908321823e-05	92.45965162203655	0.003373083	3936945.0	85985505.0	100.0	100.0	0.19673897362119347	85985505.0	89922450	89922450	100.0	94.18	57388693.0	45169501	72.3														
A-2024-0142_I10_S64_1																		37.897282102040144	49.0	150.0	150	18.181818181818183	62804953.0	2.8955164049583466	55.18019109769246	49.0	140.9130440787119	145	18.181818181818183	62489258.0
A-2024-0142_I10_S64_2																	1.7868327065109335	38.427302043290666	50.0	150.0	150	18.181818181818183	62804953.0	3.0306390885642633	55.36838292423611	50.0	140.7646707054835	145	18.181818181818183	62489258.0
A-2024-0142_I12_S65	2.5292771051426274e-05	92.54769924001289	0.003025528	2855215.0	62786030.0	100.0	100.0	0.19890093385423477	62786030.0	65641245	65641245	100.0	94.37	39803005.0	32968098	76.23														
A-2024-0142_I12_S65_1																		37.4937821712959	50.0	150.0	150	18.181818181818183	47113921.0	3.3381352256872194	54.278347109315625	49.0	140.5745304339063	145	18.181818181818183	46777334.0
A-2024-0142_I12_S65_2																	9.268961330716282	38.005563038009306	51.0	150.0	150	18.181818181818183	47113921.0	3.460732770359478	54.50420793857509	50.0	140.4342304116776	145	18.181818181818183	46777334.0
A-2024-0142_I14_S66	5.137494244722072e-05	92.6917143511137	0.003003872	2953365.0	66645324.0	100.0	100.0	0.19462880846674255	66645324.0	69598689	69598689	100.0	94.59	44003092.0	34964208	73.17														
A-2024-0142_I14_S66_1																		36.120234841931186	49.0	150.0	150	18.181818181818183	47916688.0	2.758909682629956	53.12315965983494	49.0	141.38226743975272	145	18.181818181818183	47581939.0
A-2024-0142_I14_S66_2																	1.6746364623770376	36.585651476519665	50.0	150.0	150	18.181818181818183	47916688.0	2.8674255587545816	53.555285965759836	50.0	141.26117987751613	145	18.181818181818183	47581939.0
A-2024-0142_I16_S67	2.407242912475055e-05	92.69469038249531	0.00297027	3790724.0	85492487.0	100.0	100.0	0.19785832174937196	85492487.0	89283211	89283211	100.0	94.61	53679270.0	44864354	76.94														
A-2024-0142_I16_S67_1																		34.24184276287856	49.0	150.0	150	18.181818181818183	58314020.0	2.578413490650601	53.14270760235936	49.0	141.44347339230205	145	18.181818181818183	57994025.0
A-2024-0142_I16_S67_2																	1.587884269112206	34.79418150539301	50.0	150.0	150	18.181818181818183	58314020.0	2.6745339847237775	53.60183016054488	50.0	141.33991289619922	145	18.181818181818183	57994025.0
A-2024-0142_I18_S68	4.715253194426864e-05	92.45789312942809	0.00300419	4020874.0	87161870.0	100.0	100.0	0.2046789496370374	87161870.0	91182744	91182744	100.0	94.01	56978034.0	45813685	73.91														
A-2024-0142_I18_S68_1																		36.93859795843347	49.0	150.0	150	27.27272727272727	62608201.0	4.30697895532777	54.728253863020335	49.0	139.59019183694858	145	18.181818181818183	61964549.0
A-2024-0142_I18_S68_2																	1.6313650568166	37.45577054535107	50.0	150.0	150	27.27272727272727	62608201.0	4.406089767586574	55.23546702266522	50.0	139.48508079999098	145	18.181818181818183	61964549.0
A-2024-0142_I20_S69	0.000120800837069267	92.40480938155038	0.003261809	2119514.0	45854305.0	100.0	100.0	0.20987560491866575	45854305.0	47973819	47973819	100.0	94.46	44019629.0	24088601	50.41														
A-2024-0142_I20_S69_1																		52.115690367458726	49.0	150.0	150	27.27272727272727	48242296.0	3.5819699477561895	62.68564659008739	49.0	141.02342091322433	145	18.181818181818183	47607580.0
A-2024-0142_I20_S69_2																	1.5338912416888235	52.15580888503523	50.0	150.0	150	27.27272727272727	48242296.0	3.694587307427462	62.73054755445985	50.0	140.89704872627425	145	18.181818181818183	47607580.0
A-2024-0142_I22_S70	3.3272868465182164e-05	92.82924018173759	0.00303017	3248612.0	74872161.0	100.0	100.0	0.19066632790256982	74872161.0	78120773	78120773	100.0	94.58	46961881.0	39250693	77.08														
A-2024-0142_I22_S70_1																		33.812527451401635	49.0	150.0	150	18.181818181818183	51099958.0	2.9834588257324044	52.34742841784733	49.0	141.05381751825954	145	18.181818181818183	50743477.0
A-2024-0142_I22_S70_2																	1.565391350695184	33.85786394065782	50.0	150.0	150	18.181818181818183	51099958.0	3.1042723402413865	52.35502923680328	50.0	140.91873231312076	145	18.181818181818183	50743477.0
A-2024-0142_I24_S71	3.473772755165543e-05	92.97818621289254	0.003146874	2731074.0	65137288.0	100.0	100.0	0.18752085594966741	65137288.0	67868362	67868362	100.0	95.2	59329034.0	34091842	53.12														
A-2024-0142_I24_S71_1																		51.99377186687498	49.0	150.0	150	27.27272727272727	64039075.0	2.055484750036841	64.88287778100954	49.0	142.35443283177426	145	18.181818181818183	63605335.0
A-2024-0142_I24_S71_2																	1.4409412355111406	51.681985594345036	50.0	150.0	150	27.27272727272727	64039075.0	2.1769066292189843	64.07929868129497	50.0	142.2179636503762	145	18.181818181818183	63605335.0
A-2024-0142_J11_S73	4.665181201200186e-05	92.95883854617904	0.003004006	2702365.0	63335973.0	100.0	100.0	0.19513081452147266	63335973.0	66038338	66038338	100.0	94.89	39875636.0	33164152	76.85														
A-2024-0142_J11_S73_1																		33.345317547845895	49.0	150.0	150	18.181818181818183	44034805.0	3.4263798280974993	50.410713733164485	49.0	141.15377531730724	145	18.181818181818183	43483643.0
A-2024-0142_J11_S73_2																	2.6689737104133617	33.75730541466423	50.0	150.0	150	18.181818181818183	44034805.0	3.565047756169709	50.56251877747051	50.0	140.99303531215173	145	18.181818181818183	43483643.0
A-2024-0142_J13_S74	2.3058681531338108e-05	93.475968455462	0.003153492	1892464.0	48583089.0	100.0	100.0	0.17566194689678954	48583089.0	50475553	50475553	100.0	95.24	30119354.0	25353743	78.12														
A-2024-0142_J13_S74_1																		30.279568351187464	49.0	150.0	150	18.181818181818183	33248843.0	3.726218040750761	46.99362909829411	49.0	141.6065590918274	145	9.090909090909092	32609484.0
A-2024-0142_J13_S74_2																	2.21027723100433	30.19141723776167	51.0	150.0	150	18.181818181818183	33248843.0	3.9225654278846793	46.442621337473476	50.0	141.37582318076545	145	9.090909090909092	32609484.0
A-2024-0142_J15_S75	2.2172901243038183e-05	93.33566964118545	0.003038468	2815387.0	70890653.0	100.0	100.0	0.17879225911489346	70890653.0	73706040	73706040	100.0	95.3	44615050.0	37034488	76.89														
A-2024-0142_J15_S75_1																		33.77406397284243	49.0	150.0	150	18.181818181818183	49051116.0	3.4562121713587723	51.52979082057006	49.0	141.8589652423063	145	18.181818181818183	48160589.0
A-2024-0142_J15_S75_2																	2.0237138295796173	33.72228099084394	50.0	150.0	150	18.181818181818183	49051116.0	3.6155730223169225	51.30275500812485	50.0	141.67670501288927	145	18.181818181818183	48160589.0
A-2024-0142_J17_S76	2.685997702599015e-05	93.13490530583125	0.003087962	2737867.0	66766360.0	100.0	100.0	0.185049776564126	66766360.0	69504227	69504227	100.0	95.09	45376228.0	34920900	71.2														
A-2024-0142_J17_S76_1																		38.19873692765681	49.0	150.0	150	18.181818181818183	50681887.0	4.901041259776788	54.20320901893744	49.0	141.40767979879323	145	18.181818181818183	49143475.0
A-2024-0142_J17_S76_2																	2.1664452910584773	37.934529350762304	51.0	150.0	150	18.181818181818183	50681887.0	5.051439151739991	53.44676387729859	50.0	141.23566876375756	145	18.181818181818183	49143475.0
A-2024-0142_J1_S72	1.3466501773841281e-05	93.30142789196539	0.003042812	2681775.0	66974055.0	100.0	100.0	0.17668185090480187	66974055.0	69655830	69655830	100.0	95.22	39847438.0	34998149	81.29														
A-2024-0142_J1_S72_1																		29.63845210183996	49.0	150.0	150	18.181818181818183	43702084.0	3.550130296161462	48.06975050518156	49.0	141.64271445468557	145	9.090909090909092	42936285.0
A-2024-0142_J1_S72_2																	1.7799280957819246	30.276952164633045	51.0	150.0	150	18.181818181818183	43702084.0	3.69061140551495	48.379616442771244	50.0	141.48245624883475	145	9.090909090909092	42936285.0
A-2024-0142_J3_S77	1.668673455080583e-05	93.23347160827461	0.003160006	2160294.0	53759696.0	100.0	100.0	0.16801434293824874	53759696.0	55919990	55919990	100.0	95.3	35468826.0	28096410	73.31														
A-2024-0142_J3_S77_1																		34.529449746666984	49.0	150.0	150	18.181818181818183	39202703.0	3.8053616547466307	49.92154499005207	49.0	142.1827478232934	145	9.090909090909092	38249643.0
A-2024-0142_J3_S77_2																	1.7991292101732819	34.51235734999108	51.0	150.0	150	18.181818181818183	39202703.0	4.017277214717602	49.59260423395785	51.0	141.93017759669024	145	9.090909090909092	38249643.0
A-2024-0142_J5_S78	4.304049330909229e-05	93.40144355192412	0.003072049	1822964.0	46525141.0	100.0	100.0	0.16620906103218472	46525141.0	48348105	48348105	100.0	95.4	29584526.0	24289626	76.13														
A-2024-0142_J5_S78_1																		32.07159650333146	49.0	150.0	150	18.181818181818183	32532947.0	3.124518427850791	48.593685097416504	49.0	142.2177424929481	145	9.090909090909092	31970806.0
A-2024-0142_J5_S78_2																	2.2228545004464384	31.911182974112535	51.0	150.0	150	18.181818181818183	32532947.0	3.3035371379263503	47.99913491773392	51.0	142.01364976535154	145	9.090909090909092	31970806.0
A-2024-0142_J7_S79	0.00010393275733522064	93.28225738382928	0.003138645	2162492.0	54054443.0	100.0	100.0	0.17011367594704474	54054443.0	56216935	56216935	100.0	95.32	33518740.0	28245229	77.98														
A-2024-0142_J7_S79_1																		30.86278431226583	49.0	150.0	150	18.181818181818183	36699796.0	2.8754455239459924	48.11972755755329	49.0	142.155984305961	145	9.090909090909092	36178832.0
A-2024-0142_J7_S79_2																	1.9573766228826845	30.850992659098793	51.0	150.0	150	18.181818181818183	36699796.0	3.077370859462562	47.68533469919352	50.0	141.92137709144396	145	9.090909090909092	36178832.0
A-2024-0142_J9_S80	2.2849161753747804e-05	92.9430644811642	0.003093333	2508770.0	59138442.0	100.0	100.0	0.1914440018558487	59138442.0	61647212	61647212	100.0	95.12	38616573.0	30977428	74.03														
A-2024-0142_J9_S80_1																		34.94233633610534	49.0	150.0	150	18.181818181818183	42502424.0	2.992891920218723	51.640814409583655	49.0	141.84844632542416	145	18.181818181818183	41945753.0
A-2024-0142_J9_S80_2																	2.434607622850399	35.04611757512302	51.0	150.0	150	18.181818181818183	42502424.0	3.1760971302848917	51.307034753570406	50.0	141.6335309322019	145	18.181818181818183	41945753.0
A-2024-0142_K10_S81	2.5751723570011797e-05	92.57547038988554	0.00302931	3559495.0	79449252.0	100.0	100.0	0.1865064758570666	79449252.0	83008747	83008747	100.0	94.52	52671581.0	41693291	72.84														
A-2024-0142_K10_S81_1																		37.332130672427546	49.0	150.0	150	18.181818181818183	57195471.0	2.5165310246571675	54.929454591888366	49.0	141.3735434973384	145	18.181818181818183	56950634.0
A-2024-0142_K10_S81_2																	1.5985888761133018	38.1389111072335	50.0	150.0	150	18.181818181818183	57195471.0	2.6080330972239105	55.4584354313465	50.0	141.27357512824176	145	18.181818181818183	56950634.0
A-2024-0142_K12_S82	3.160022293670007e-05	92.53347133208604	0.00304167	3614452.0	79586300.0	100.0	100.0	0.20465959593548136	79586300.0	83200752	83200752	100.0	94.45	55299022.0	41795836	69.5														
A-2024-0142_K12_S82_1																		39.514471398475045	49.0	150.0	150	18.181818181818183	60192448.0	2.8054892682974404	56.028859185578845	49.0	141.13326127532616	145	18.181818181818183	59856406.0
A-2024-0142_K12_S82_2																	1.6149725060338571	40.397588422253875	50.0	150.0	150	18.181818181818183	60192448.0	2.900282784472483	56.97216637772942	50.0	141.03064564217237	145	18.181818181818183	59856406.0
A-2024-0142_K14_S83	3.655521114792593e-05	92.64697923527007	0.002977782	3335027.0	74676775.0	100.0	100.0	0.19620022423303632	74676775.0	78011802	78011802	100.0	94.53	48207663.0	39198135	74.8														
A-2024-0142_K14_S83_1																		35.5730016543	49.0	150.0	150	18.181818181818183	52572544.0	3.023627025307853	53.09902827353221	49.0	141.255559551686	145	18.181818181818183	52108743.0
A-2024-0142_K14_S83_2																	1.589731304783153	36.31479827303482	50.0	150.0	150	18.181818181818183	52572544.0	3.1407324416858846	54.01484708901069	50.0	141.1168938770985	145	18.181818181818183	52108743.0
A-2024-0142_K16_S84	3.010652674466775e-05	92.50704904318877	0.002981888	3822512.0	83617724.0	100.0	100.0	0.20559158008175396	83617724.0	87440236	87440236	100.0	94.24	52771534.0	43940571	76.5														
A-2024-0142_K16_S84_1																		34.49703736836284	49.0	150.0	150	18.181818181818183	57642997.0	2.946393943420036	53.13469181440401	49.0	140.73987284713584	145	18.181818181818183	57403819.0
A-2024-0142_K16_S84_2																	1.9177504548956927	35.25168334343668	50.0	150.0	150	18.181818181818183	57642997.0	3.0547904586116386	53.985421044656604	50.0	140.619845310292	145	18.181818181818183	57403819.0
A-2024-0142_K18_S85	4.973270565290825e-05	91.87220856438852	0.002993124	4918524.0	97766542.0	100.0	100.0	0.2267646942038719	97766542.0	102685066	102685066	100.0	93.11	66348800.0	51592418	71.0														
A-2024-0142_K18_S85_1																		39.962022476073265	49.0	150.0	150	27.27272727272727	73493112.0	5.430470601624966	57.40542632789865	49.0	137.974399908103	142	18.181818181818183	72742317.0
A-2024-0142_K18_S85_2																	1.569628996007922	40.99336220316291	50.0	150.0	150	27.27272727272727	73493112.0	5.4958325233582945	58.54125305547281	50.0	137.91319494263567	142	18.181818181818183	72742317.0
A-2024-0142_K20_S86	5.23459025616619e-05	92.09505225937144	0.003110958	3189547.0	65613615.0	100.0	100.0	0.21783588665248824	65613615.0	68803162	68803162	100.0	93.04	55746626.0	34555348	56.67														
A-2024-0142_K20_S86_1																		49.60630928070889	50.0	150.0	150	27.27272727272727	61972711.0	5.587748463830398	62.31776243721138	49.0	137.9463574204383	142	18.181818181818183	61249273.0
A-2024-0142_K20_S86_2																	1.7353136583351771	50.6978703650182	50.0	150.0	150	36.36363636363637	61972711.0	5.666404073705369	63.377709552691044	50.0	137.86330399382862	142	18.181818181818183	61249273.0
A-2024-0142_K22_S87	1.6473937160606008e-05	92.68993413614464	0.002996521	3655551.0	82455260.0	100.0	100.0	0.19591836833696236	82455260.0	86110811	86110811	100.0	94.45	52718739.0	43270120	75.55														
A-2024-0142_K22_S87_1																		35.93064268485965	49.0	150.0	150	18.181818181818183	57347614.0	2.819000197155784	54.46806844988853	49.0	141.18533459898916	145	18.181818181818183	56992850.0
A-2024-0142_K22_S87_2																	1.525930007009651	36.2828598845244	50.0	150.0	150	18.181818181818183	57347614.0	2.9062395901405167	54.6225869280836	50.0	141.09985001627396	145	18.181818181818183	56992850.0
A-2024-0142_K24_S88	4.0822803291336115e-05	92.70432206662356	0.003034942	4220576.0	95451025.0	100.0	100.0	0.2022010764158897	95451025.0	99671601	99671601	100.0	94.75	73967304.0	50080175	62.37														
A-2024-0142_K24_S88_1																		46.84249164766739	49.0	150.0	150	18.181818181818183	80167234.0	2.4495010534844077	62.838841508252216	49.0	141.7627811786477	145	18.181818181818183	79642694.0
A-2024-0142_K24_S88_2																	1.434315494149407	46.337437206770936	50.0	150.0	150	18.181818181818183	80167234.0	2.545299053570767	61.923965909594095	50.0	141.66236633080243	145	18.181818181818183	79642694.0
A-2024-0142_L11_S90	1.7845301862025196e-05	93.43199355576684	0.002975615	2444971.0	62621576.0	100.0	100.0	0.16889546184529117	62621576.0	65066547	65066547	100.0	95.42	39692502.0	32692769	76.4														
A-2024-0142_L11_S90_1																		32.80153200948173	49.0	150.0	150	18.181818181818183	43203881.0	2.304818722028779	51.23290515365299	49.0	142.27849586252083	145	18.181818181818183	42820155.0
A-2024-0142_L11_S90_2																	2.1404978566752035	33.26129861457173	50.0	150.0	150	18.181818181818183	43203881.0	2.4505161054141538	51.260018129056256	50.0	142.11258123656955	145	18.181818181818183	42820155.0
A-2024-0142_L13_S91	2.6534739479937682e-05	93.0444038301269	0.002916055	3563038.0	85232140.0	100.0	100.0	0.18881492357225807	85232140.0	88795178	88795178	100.0	95.13	50176946.0	44626739	82.1														
A-2024-0142_L13_S91_1																		30.853634993148333	49.0	150.0	150	18.181818181818183	54771193.0	2.6149905681887975	50.86570496343168	49.0	142.04368730887163	145	18.181818181818183	54202446.0
A-2024-0142_L13_S91_2																	2.045208439486292	31.32515791138279	50.0	150.0	150	18.181818181818183	54771193.0	2.7318383500838	51.20471920170903	50.0	141.91083313841594	145	18.181818181818183	54202446.0
A-2024-0142_L15_S92	3.3833204177245186e-05	93.29098381537005	0.002996889	3442412.0	86233225.0	100.0	100.0	0.1775881627991995	86233225.0	89675637	89675637	100.0	95.38	52984588.0	45067807	78.71														
A-2024-0142_L15_S92_1																		33.715164808922154	49.0	150.0	150	18.181818181818183	57946382.0	2.9672954655171417	52.831750232601436	49.0	142.23026105030746	145	18.181818181818183	57040155.0
A-2024-0142_L15_S92_2																	1.9039473157111864	33.77935672968077	50.0	150.0	150	18.181818181818183	57946382.0	3.1155930464750363	52.7046737415846	50.0	142.06050549827575	145	18.181818181818183	57040155.0
A-2024-0142_L17_S93	7.230856407086514e-06	93.4886827693973	0.003055345	2373914.0	61852046.0	100.0	100.0	0.17020455556150885	61852046.0	64225960	64225960	100.0	95.66	44007132.0	32270586	68.06														
A-2024-0142_L17_S93_1																		39.707591597293415	49.0	150.0	150	18.181818181818183	47783291.0	2.2849641498437547	55.66695090723874	49.0	142.776571024732	145	18.181818181818183	47189900.0
A-2024-0142_L17_S93_2																	1.7870550689872196	39.27776800720293	50.0	150.0	150	18.181818181818183	47783291.0	2.442207948871673	54.796724132426704	50.0	142.59618204319145	145	18.181818181818183	47189900.0
A-2024-0142_L1_S89	2.590214434643393e-05	93.21405878079551	0.003009576	3169842.0	78378595.0	100.0	100.0	0.18257408160990893	78378595.0	81548437	81548437	100.0	95.26	47569521.0	40986846	79.65														
A-2024-0142_L1_S89_1																		31.49850275030299	49.0	150.0	150	18.181818181818183	52036269.0	3.041129149416124	50.34100898231532	49.0	142.02684120104345	145	18.181818181818183	51264323.0
A-2024-0142_L1_S89_2																	1.8810684381806817	32.17618810148885	51.0	150.0	150	18.181818181818183	52036269.0	3.1895548693626328	51.177036870585916	50.0	141.84986660215915	145	18.181818181818183	51264323.0
A-2024-0142_L3_S94	4.009364765807298e-05	93.44877126383977	0.003058639	2752767.0	71717614.0	100.0	100.0	0.16040410937262917	71717614.0	74470381	74470381	100.0	95.59	51233514.0	37426175	67.75														
A-2024-0142_L3_S94_1																		40.61969376173366	49.0	150.0	150	18.181818181818183	56012812.0	2.804141925293067	57.22019360686435	49.0	142.61504589360626	145	18.181818181818183	55079241.0
A-2024-0142_L3_S94_2																	1.9720959844018184	40.768616284846374	51.0	150.0	150	18.181818181818183	56012812.0	2.9574615770110744	57.17343341497868	51.0	142.4339833767862	145	18.181818181818183	55079241.0
A-2024-0142_L5_S95	3.569383682848045e-05	93.59922086292907	0.003161694	2091724.0	55731221.0	100.0	100.0	0.1593056789478917	55731221.0	57822945	57822945	100.0	95.68	39761855.0	29051540	67.89														
A-2024-0142_L5_S95_1																		38.90119539850324	49.0	150.0	150	18.181818181818183	43761760.0	3.2465335505008373	53.95215738751097	49.0	142.65389291624822	145	18.181818181818183	42812172.0
A-2024-0142_L5_S95_2																	2.155531842673154	39.09672980475957	51.0	150.0	150	18.181818181818183	43761760.0	3.437046833141301	54.263192748893694	51.0	142.42253455395817	145	18.181818181818183	42812172.0
A-2024-0142_L7_S96	1.3558425798972612e-05	93.21682859439281	0.003013431	2671748.0	66298837.0	100.0	100.0	0.17016588088867984	66298837.0	68970585	68970585	100.0	95.31	41891189.0	34656175	76.52														
A-2024-0142_L7_S96_1																		33.15993264355714	49.0	150.0	150	18.181818181818183	45646017.0	2.663227617503807	51.226760650108325	49.0	142.2282603437049	145	18.181818181818183	45081405.0
A-2024-0142_L7_S96_2																	1.7495106907160503	33.12483460351527	51.0	150.0	150	18.181818181818183	45646017.0	2.828028762411346	50.70281926368481	50.0	142.04007710052514	145	18.181818181818183	45081405.0
A-2024-0142_L9_S97	2.887034177937588e-05	92.9291986386114	0.003017491	2659074.0	62623682.0	100.0	100.0	0.1848198577656293	62623682.0	65282756	65282756	100.0	95.12	40582833.0	32804589	74.59														
A-2024-0142_L9_S97_1																		35.32418146882078	49.0	150.0	150	18.181818181818183	44464057.0	3.0570341188242187	52.22519596299198	49.0	141.98045048866987	145	18.181818181818183	43810558.0
A-2024-0142_L9_S97_2																	1.915848686519811	35.644444619484545	51.0	150.0	150	18.181818181818183	44464057.0	3.182418306217924	52.23566594852122	50.0	141.84341192367373	145	18.181818181818183	43810558.0
A-2024-0142_M10_S98	2.014058801789424e-05	92.31848027823959	0.003262445	6282043.0	136409656.0	100.0	100.0	0.21145570515917145	136409656.0	142691699	142691699	100.0	94.67	143280521.0	71673488	45.93														
A-2024-0142_M10_S98_1																		59.338875425926005	49.0	150.0	150	27.27272727272727	155188685.0	2.142249046145298	71.51142140183194	49.0	141.92703551423156	145	18.181818181818183	154498711.0
A-2024-0142_M10_S98_2																	1.4930163397932814	60.45512135902417	50.0	150.0	150	27.27272727272727	155188685.0	2.2567674112101135	72.44013480849063	50.0	141.79629527782922	145	18.181818181818183	154498711.0
A-2024-0142_M12_S99	3.314724161137318e-05	91.99077542669401	0.002964199	10911878.0	222310400.0	100.0	100.0	0.2309658027694611	222310400.0	233222278	233222278	100.0	93.67	136201150.0	117287727	78.52														
A-2024-0142_M12_S99_1																		40.40638067486459	49.0	150.0	150	27.27272727272727	149444348.0	3.6289994859421886	61.450875152692916	49.0	139.93361304093023	145	18.181818181818183	148628784.0
A-2024-0142_M12_S99_2																	1.637764526149928	40.812255921740025	50.0	150.0	150	27.27272727272727	149444348.0	3.7307848745370307	62.18866342201249	50.0	139.8251313756291	145	18.181818181818183	148628784.0
A-2024-0142_M14_S100	3.204168527128739e-05	92.01515464384293	0.003043422	11240227.0	230805976.0	100.0	100.0	0.23406326359591312	230805976.0	242046203	242046203	100.0	93.88	167007279.0	121734043	66.5														
A-2024-0142_M14_S100_1																		48.28760775679882	49.0	150.0	150	18.181818181818183	182516040.0	3.149366941988335	66.28903241388855	49.0	140.56016161838562	145	18.181818181818183	181599636.0
A-2024-0142_M14_S100_2																	1.5317869359605985	49.334271277448494	50.0	150.0	150	18.181818181818183	182516040.0	3.2534938355800547	67.35970454177149	50.0	140.45031773081308	145	18.181818181818183	181599636.0
A-2024-0142_M16_S101	4.049403195384061e-05	92.86394516893618	0.003036238	4125418.0	96179767.0	100.0	100.0	0.19834317128258377	96179767.0	100305185	100305185	100.0	95.16	73441688.0	50404276	63.34														
A-2024-0142_M16_S101_1																		44.58889765761703	49.0	150.0	150	18.181818181818183	79583519.0	2.259484230734966	60.65110506983198	48.0	142.28778476850857	145	18.181818181818183	78907821.0
A-2024-0142_M16_S101_2																	1.511859008247104	44.76499754830904	50.0	150.0	150	18.181818181818183	79583519.0	2.4015480841731427	60.6968758485812	50.0	142.1285645817035	145	18.181818181818183	78907821.0
A-2024-0142_M18_S102	3.166597379756777e-05	92.40428623678064	0.003112957	5921148.0	129413046.0	100.0	100.0	0.20652400067918963	129413046.0	135334194	135334194	100.0	94.49	104812471.0	68015307	59.6														
A-2024-0142_M18_S102_1																		49.970065662112106	49.0	150.0	150	18.181818181818183	114624405.0	3.3021769635809446	65.41278684732711	49.0	141.18848931803316	145	18.181818181818183	113319159.0
A-2024-0142_M18_S102_2																	1.5611300998095123	50.50527317585111	50.0	150.0	150	27.27272727272727	114624405.0	3.4130233104101744	66.08881750649186	50.0	141.06698408342405	145	18.181818181818183	113319159.0
A-2024-0142_M20_S103	0.00013549259538707422	92.84070149358281	0.00306258	4208297.0	98163730.0	100.0	100.0	0.1822037528525047	98163730.0	102372027	102372027	100.0	94.77	72830207.0	51437393	65.16														
A-2024-0142_M20_S103_1																		44.28198361455329	49.0	150.0	150	18.181818181818183	78744548.0	2.1050044611035954	61.26540753247707	49.0	141.7583748204678	145	18.181818181818183	78520728.0
A-2024-0142_M20_S103_2																	1.5649702076119314	44.83232177611482	50.0	150.0	150	18.181818181818183	78744548.0	2.228785571463222	61.649752055182155	50.0	141.6238577283695	145	18.181818181818183	78520728.0
A-2024-0142_M22_S104	6.531681770019572e-05	92.97554859114031	0.003049611	4413653.0	104343025.0	100.0	100.0	0.1966686321390433	104343025.0	108756678	108756678	100.0	95.17	75861433.0	54651725	66.54														
A-2024-0142_M22_S104_1																		43.74915939215461	49.0	150.0	150	18.181818181818183	82040722.0	2.070595683294769	61.09248311904703	49.0	142.35738584038117	145	18.181818181818183	81464467.0
A-2024-0142_M22_S104_2																	1.4835934543093494	43.03006122412255	50.0	150.0	150	18.181818181818183	82040722.0	2.1919908892612354	60.04645100834592	50.0	142.22870721047005	145	18.181818181818183	81464467.0
A-2024-0142_M24_S105	3.542844662516953e-05	92.60726782305227	0.003115024	4693455.0	107509717.0	100.0	100.0	0.1912552704422057	107509717.0	112203172	112203172	100.0	95.09	96915574.0	56418496	53.53														
A-2024-0142_M24_S105_1																		52.84953959433811	50.0	150.0	150	27.27272727272727	104835464.0	2.084283333212772	66.41681237217401	50.0	142.38240591598299	145	18.181818181818183	104093876.0
A-2024-0142_M24_S105_2																	1.5652183995915379	54.77721971039583	52.0	150.0	150	27.27272727272727	104835464.0	2.1947180669372695	68.79677606578585	52.0	142.24152505378893	145	18.181818181818183	104093876.0
A-2024-0142_N11_S106	7.127115202019339e-05	92.58680028984814	0.003192959	7149330.0	162224874.0	100.0	100.0	0.2150964839091199	162224874.0	169374204	169374204	100.0	94.75	150496688.0	85135679	52.04														
A-2024-0142_N11_S106_1																		56.480484379249766	49.0	150.0	150	27.27272727272727	166053420.0	2.531779625600252	70.5269318948605	49.0	142.00059944014325	145	18.181818181818183	164523516.0
A-2024-0142_N11_S106_2																	2.8549195362442896	57.16987636891245	50.0	150.0	150	27.27272727272727	166053420.0	2.6722788157673847	71.035184924271	50.0	141.83667318415442	145	18.181818181818183	164523516.0
A-2024-0142_N13_S107	5.53505256538784e-05	92.89444977025553	0.00327393	5523380.0	133389212.0	100.0	100.0	0.18977021919883597	133389212.0	138912592	138912592	100.0	94.93	127495129.0	69827937	50.53														
A-2024-0142_N13_S107_1																		56.36462110919111	49.0	150.0	150	27.27272727272727	139819262.0	2.6790702719905792	69.71004247232389	49.0	142.2665784586716	145	18.181818181818183	138033595.0
A-2024-0142_N13_S107_2																	2.0479278975527664	56.76459170566972	51.0	150.0	150	27.27272727272727	139819262.0	2.8319703090743653	70.14182888593702	50.0	142.08649498696315	145	18.181818181818183	138033595.0
A-2024-0142_N15_S108	2.4165341197701972e-05	92.69393204185471	0.003159113	5307730.0	121767751.0	100.0	100.0	0.2020953807383697	121767751.0	127075481	127075481	100.0	95.01	106510168.0	63856875	55.26														
A-2024-0142_N15_S108_1																		52.84913916544048	49.0	150.0	150	27.27272727272727	117312224.0	3.2778102623315535	67.07488206518201	49.0	142.0262442775298	145	18.181818181818183	115274082.0
A-2024-0142_N15_S108_2																	2.143914275543743	53.30974735554383	50.0	150.0	150	27.27272727272727	117312224.0	3.4065199818598084	67.50420399524299	50.0	141.87984359745323	145	18.181818181818183	115274082.0
A-2024-0142_N17_S109	1.9751634331026692e-05	93.05575691521084	0.003112375	5140797.0	125133286.0	100.0	100.0	0.18735222856690587	125133286.0	130274083	130274083	100.0	94.65	95734577.0	65488141	63.17														
A-2024-0142_N17_S109_1																		47.82694540597403	49.0	150.0	150	18.181818181818183	105481222.0	3.266621591105375	64.24928407592517	49.0	141.76969392149397	145	18.181818181818183	103854532.0
A-2024-0142_N17_S109_2																	1.9152601833495337	47.91444859037585	50.0	150.0	150	18.181818181818183	105481222.0	3.421737515353762	64.00506041442202	50.0	141.59269632065744	145	18.181818181818183	103854532.0
A-2024-0142_N3_S110	4.544563800356287e-05	92.0815743000919	0.003190909	9300311.0	195491394.0	100.0	100.0	0.22990219201158285	195491394.0	204791705	204791705	100.0	94.47	172800419.0	102993874	54.5														
A-2024-0142_N3_S110_1																		56.189784199655605	50.0	150.0	150	27.27272727272727	191938103.0	3.094749643649802	70.460996897304	49.0	141.7985194752795	145	18.181818181818183	189303830.0
A-2024-0142_N3_S110_2																	2.7666336703277477	57.0888283539172	51.0	150.0	150	27.27272727272727	191938103.0	3.2508416061321745	71.29492807184269	51.0	141.61425534813532	145	18.181818181818183	189303830.0
A-2024-0142_N5_S111	6.1534239342962e-05	92.66226990164552	0.003248552	5728611.0	132165954.0	100.0	100.0	0.19247770874487086	132165954.0	137894565	137894565	100.0	94.56	119392069.0	69315498	53.44														
A-2024-0142_N5_S111_1																		54.04039497103504	49.0	150.0	150	27.27272727272727	131221466.0	3.020922659102132	68.0310601869677	49.0	141.77389403874366	145	18.181818181818183	129545293.0
A-2024-0142_N5_S111_2																	1.8398098030470316	54.61720008496613	51.0	150.0	150	27.27272727272727	131221466.0	3.165254542875709	68.44364988647581	50.0	141.60807631968535	145	18.181818181818183	129545293.0
A-2024-0142_N7_S112	5.568393132373472e-05	93.05091695462704	0.003351385	2299128.0	56440147.0	100.0	100.0	0.18002256443449732	56440147.0	58739275	58739275	100.0	94.91	59569135.0	29504021	45.85														
A-2024-0142_N7_S112_1																		56.91503552615475	49.0	150.0	150	27.27272727272727	65909503.0	3.308893784672996	66.88761906677738	49.0	142.21688661088865	145	18.181818181818183	64645784.0
A-2024-0142_N7_S112_2																	2.1821964445508155	56.752374716645434	51.0	150.0	150	27.27272727272727	65909503.0	3.482565794642013	66.8041449409416	51.0	142.00743773174753	145	18.181818181818183	64645784.0
A-2024-0142_N9_S113	0.00019302585080447696	92.35185233249346	0.0031152	8094673.0	175070985.0	100.0	100.0	0.23068928297855867	175070985.0	183165658	183165658	100.0	94.45	157052099.0	92051005	53.82														
A-2024-0142_N9_S113_1																		55.013656118357545	49.0	150.0	150	27.27272727272727	173279231.0	3.3941748681611053	69.43836418896348	49.0	141.05674900364704	145	18.181818181818183	171315043.0
A-2024-0142_N9_S113_2																	2.422084731928649	56.329598327568014	50.0	150.0	150	27.27272727272727	173279231.0	3.5074279856304935	70.62331332685838	50.0	140.9236021614284	145	18.181818181818183	171315043.0
A-2024-0142_O10_S114	3.100199854383613e-05	92.44176615357682	0.00310496	6745330.0	147549089.0	100.0	100.0	0.2161273933721136	147549089.0	154294419	154294419	100.0	94.58	114150997.0	77564600	62.36														
A-2024-0142_O10_S114_1																		48.20648325570948	49.0	150.0	150	18.181818181818183	124010302.0	2.5417388418206603	64.62158062335479	49.0	141.51088717381023	145	18.181818181818183	123313683.0
A-2024-0142_O10_S114_2																	1.5657264895737482	48.93043027560423	50.0	150.0	150	18.181818181818183	124010302.0	2.6595715049322384	65.40473899723477	50.0	141.37760183515076	145	18.181818181818183	123313683.0
A-2024-0142_O12_S115	3.0129725037635794e-05	92.74392984128409	0.002946052	3326916.0	75498700.0	100.0	100.0	0.19675703025350105	75498700.0	78825616	78825616	100.0	94.49	44821160.0	39606873	81.37														
A-2024-0142_O12_S115_1																		30.33946753186075	49.0	150.0	150	18.181818181818183	48833633.0	3.0343476595321097	49.76293288820373	49.0	141.01693944766046	145	9.090909090909092	48481628.0
A-2024-0142_O12_S115_2																	1.5851355074132414	30.930159469407172	50.0	150.0	150	18.181818181818183	48833633.0	3.1604383015683273	50.237442904092156	50.0	140.87162266910673	145	18.181818181818183	48481628.0
A-2024-0142_O14_S116	2.616657898370652e-05	92.62933967112005	0.00310027	2772519.0	61552776.0	100.0	100.0	0.20669254624681752	61552776.0	64325295	64325295	100.0	94.62	38166758.0	32316737	77.9														
A-2024-0142_O14_S116_1																		31.83653407063649	49.0	150.0	150	18.181818181818183	41662557.0	2.8876944301115133	49.03082098526592	49.0	141.4377628456689	145	9.090909090909092	41297285.0
A-2024-0142_O14_S116_2																	1.7070710580610808	32.461350087553456	50.0	150.0	150	18.181818181818183	41662557.0	3.019131096041713	49.71509654613816	50.0	141.28283607505918	145	9.090909090909092	41297285.0
A-2024-0142_O16_S117	4.4097946690239196e-05	92.4740380365725	0.003179864	5784571.0	128341552.0	100.0	100.0	0.20206160511445273	128341552.0	134126123	134126123	100.0	94.63	111810317.0	67413855	55.41														
A-2024-0142_O16_S117_1																		52.49432573266488	49.0	150.0	150	27.27272727272727	121317290.0	2.5027251921884712	67.21238849838139	49.0	141.5402774748297	145	18.181818181818183	120666080.0
A-2024-0142_O16_S117_2																	1.5533147343478797	53.2435940723128	50.0	150.0	150	27.27272727272727	121317290.0	2.610484349729142	68.06408126613019	50.0	141.41628253772726	145	18.181818181818183	120666080.0
A-2024-0142_O18_S118	3.7094899191696844e-05	92.54427196243488	0.002961609	3858593.0	85535400.0	100.0	100.0	0.1941418406881829	85535400.0	89393993	89393993	100.0	94.13	55940929.0	44923358	73.79														
A-2024-0142_O18_S118_1																		37.3377074720966	49.0	150.0	150	27.27272727272727	61293383.0	3.4767532567996327	55.30051191409856	49.0	140.50788028344382	145	18.181818181818183	60797940.0
A-2024-0142_O18_S118_2																	1.741999811177813	38.138108412125305	50.0	150.0	150	27.27272727272727	61293383.0	3.5665585630997065	56.332056667047055	50.0	140.40997417017746	145	18.181818181818183	60797940.0
A-2024-0142_O20_S119	3.294823708398217e-05	92.76973094989872	0.002900628	2437596.0	55376283.0	100.0	100.0	0.19480180712020703	55376283.0	57813879	57813879	100.0	94.48	32314746.0	29042069	82.84														
A-2024-0142_O20_S119_1																		27.549151041472115	49.0	150.0	150	18.181818181818183	35150683.0	2.8770010842591103	46.21548263754798	49.0	140.95759651054956	145	9.090909090909092	34973301.0
A-2024-0142_O20_S119_2																	1.6201716274937845	28.069803770892705	50.0	150.0	150	18.181818181818183	35150683.0	2.9648400994870747	46.57194590642547	50.0	140.8645131610539	145	9.090909090909092	34973301.0
A-2024-0142_O22_S120	2.7274640630092686e-05	92.60708541189739	0.002930868	3423602.0	75790339.0	100.0	100.0	0.20421468229611692	75790339.0	79213941	79213941	100.0	94.26	44828207.0	39801320	81.64														
A-2024-0142_O22_S120_1																		30.915311879268017	49.0	150.0	150	18.181818181818183	49017996.0	3.142169424385731	50.338031691241106	49.0	140.77913502442135	145	18.181818181818183	48695317.0
A-2024-0142_O22_S120_2																	1.8040081759812758	30.490283327215323	50.0	150.0	150	18.181818181818183	49017996.0	3.2415404024831744	49.74274284536065	49.0	140.6730502853077	145	9.090909090909092	48695317.0
A-2024-0142_O24_S121	3.240987293120047e-05	92.38698523056526	0.003004742	3486022.0	76174982.0	100.0	100.0	0.19637418489970893	76174982.0	79661004	79661004	100.0	94.44	55690141.0	40054094	65.98														
A-2024-0142_O24_S121_1																		42.08502537618273	51.0	150.0	150	18.181818181818183	60621008.0	2.84604636251421	57.56900019191703	51.0	141.20634834150354	145	18.181818181818183	60236457.0
A-2024-0142_O24_S121_2																	1.6507768708906634	44.25273688230937	52.0	150.0	150	18.181818181818183	60621008.0	2.924267294177668	60.66574298870532	52.0	141.10733865041232	145	18.181818181818183	60236457.0
A-2024-0142_P11_S123	3.0108772154636726e-05	93.21067377035351	0.002911737	3011201.0	74598076.0	100.0	100.0	0.17403800065835479	74598076.0	77609277	77609277	100.0	95.31	45728952.0	38994374	78.9														
A-2024-0142_P11_S123_1																		32.54257315260618	49.0	150.0	150	18.181818181818183	49796341.0	2.368695682500738	51.68599123983997	49.0	142.34924105003296	145	18.181818181818183	49296662.0
A-2024-0142_P11_S123_2																	2.021307243886006	32.801657792846925	50.0	150.0	150	18.181818181818183	49796341.0	2.4883912378359216	51.61258154801006	50.0	142.2136093311957	145	18.181818181818183	49296662.0
A-2024-0142_P13_S124	3.7107806169372587e-05	93.08141975224362	0.002981272	3293097.0	79251136.0	100.0	100.0	0.187538005764359	79251136.0	82544233	82544233	100.0	95.07	48120075.0	41478899	79.62														
A-2024-0142_P13_S124_1																		32.76600855102254	49.0	150.0	150	18.181818181818183	53097161.0	3.679776634645177	51.15556763642077	49.0	141.66239986957285	145	18.181818181818183	52087314.0
A-2024-0142_P13_S124_2																	2.160692140892502	33.40241845875897	50.0	150.0	150	18.181818181818183	53097161.0	3.8212893503302174	51.651611646821394	50.0	141.49777905614408	145	18.181818181818183	52087314.0
A-2024-0142_P15_S125	0.0010674009996159254	90.91969714170817	0.003162138	9339296.0	156840866.0	100.0	100.0	0.41622442967128226	156840866.0	166180162	166180162	100.0	94.47	136193839.0	83560173	55.59														
A-2024-0142_P15_S125_1																		59.675482164958986	51.0	150.0	150	27.27272727272727	174725320.0	3.49574124452144	72.61248139564809	51.0	141.2554521672068	145	18.181818181818183	172275806.0
A-2024-0142_P15_S125_2																	15.736959024878978	59.91068759059424	52.0	150.0	150	27.27272727272727	174725320.0	3.656635226079426	72.52155093707961	52.0	141.0765858439809	145	18.181818181818183	172275806.0
A-2024-0142_P17_S126	0.00011632163790753513	93.51894722013265	0.003524557	2340914.0	61112959.0	100.0	100.0	0.1635365094987464	61112959.0	63453873	63453873	100.0	95.59	39540247.0	31878574	74.85														
A-2024-0142_P17_S126_1																		35.341645420255034	49.0	150.0	150	18.181818181818183	43455746.0	2.5787500754413943	52.68800396564491	49.0	142.71913232776257	145	18.181818181818183	42794270.0
A-2024-0142_P17_S126_2																	2.461225533231435	34.11370036824678	51.0	150.0	150	18.181818181818183	43455746.0	2.8105884849001286	50.80050423280662	50.0	142.44059499087143	145	18.181818181818183	42794270.0
A-2024-0142_P1_S122	8.067765645750686e-05	90.31254725381811	0.002662606	6497148.0	104922420.0	100.0	100.0	0.3058717097832856	104922420.0	111419568	111419568	100.0	91.6	68131163.0	56010547	73.71														
A-2024-0142_P1_S122_1																		42.13769347506704	51.0	150.0	150	27.27272727272727	78776313.0	9.454897350977168	57.691313859378454	50.0	134.57081481088022	142	18.181818181818183	76510294.0
A-2024-0142_P1_S122_2																	2.560901151418919	43.304859121440685	51.0	150.0	150	27.27272727272727	78776313.0	9.484857223253268	59.035921087519796	51.0	134.53272500821916	142	18.181818181818183	76510294.0
A-2024-0142_P3_S127	2.6339496560910466e-05	93.00019222576202	0.003006914	3283812.0	77969605.0	100.0	100.0	0.19294056959760153	77969605.0	81253417	81253417	100.0	95.37	50025121.0	40837307	75.34														
A-2024-0142_P3_S127_1																		35.44754940556068	49.0	150.0	150	18.181818181818183	54770572.0	2.2730362297979765	53.15981597078064	49.0	142.61834049801587	145	18.181818181818183	54164298.0
A-2024-0142_P3_S127_2																	2.414557279040153	35.774791553301114	50.0	150.0	150	18.181818181818183	54770572.0	2.432246519233874	53.3019585941018	50.0	142.4340158714879	145	18.181818181818183	54164298.0
A-2024-0142_P5_S128	2.5974529722481197e-05	92.91100004147437	0.002955607	3328826.0	78191403.0	100.0	100.0	0.18706660117097526	78191403.0	81520229	81520229	100.0	95.17	45466453.0	40973502	83.06														
A-2024-0142_P5_S128_1																		30.31753667301686	49.0	150.0	150	18.181818181818183	49787333.0	2.3493496587395724	50.01297043345494	49.0	142.248376751805	145	18.181818181818183	49335185.0
A-2024-0142_P5_S128_2																	2.5320397602644036	30.895590735979738	51.0	150.0	150	18.181818181818183	49787333.0	2.4962464053754947	50.41765079126792	50.0	142.07248625904614	145	18.181818181818183	49335185.0
A-2024-0142_P9_S129	9.224796387987925e-06	93.33580915183825	0.002882607	2948365.0	73750849.0	100.0	100.0	0.1854202383487138	73750849.0	76699214	76699214	100.0	95.35	44377582.0	38529477	80.47														
A-2024-0142_P9_S129_1																		30.708243195190335	49.0	150.0	150	18.181818181818183	48491850.0	2.814544740596829	49.19050619198162	48.0	142.1337668523944	145	9.090909090909092	47854105.0
A-2024-0142_P9_S129_2																	2.0762492580312597	31.137781874220167	50.0	150.0	150	18.181818181818183	48491850.0	2.9355105921994076	49.747597316307456	50.0	141.98914047185713	145	9.090909090909092	47854105.0
