Sample	total	rRNA	rRNA_pct	non_rRNA	non_rRNA_pct	rfam-5.8s-database-id98_pct	rfam-5.8s-database-id98_count	rfam-5s-database-id98_pct	rfam-5s-database-id98_count	silva-arc-16s-id95_pct	silva-arc-16s-id95_count	silva-arc-23s-id98_pct	silva-arc-23s-id98_count	silva-bac-16s-id90_pct	silva-bac-16s-id90_count	silva-bac-23s-id98_pct	silva-bac-23s-id98_count	silva-euk-18s-id95_pct	silva-euk-18s-id95_count	silva-euk-28s-id98_pct	silva-euk-28s-id98_count
RSS0001465_1																					
RSS0001465_2	109203028	27717087	25.38124400726324	81485941	74.61875599273677	0.24	262087.26719999997	0.3	327609.08400000003	0.42	458652.7176	2.27	2478908.7356000002	9.08	9915634.942400001	0.84	917305.4352	5.0	5460151.4	7.22	7884458.6216
RSS0001466_1																					
RSS0001466_2	61501294	3450353	5.610212038790598	58050941	94.38978796120941	0.05	30750.647	0.45	276755.82300000003	0.08	49201.035200000006	0.4	246005.176	2.63	1617484.0322	0.15	92251.941	0.77	473559.9638	1.08	664213.9752
RSS0001467_1																					
RSS0001467_2	84069094	24248468	28.84349865837736	59820626	71.15650134162264	0.6	504414.564	0.34	285834.9196	0.74	622111.2956000001	3.31	2782687.0113999997	2.97	2496852.0918	1.25	1050863.675	6.66	5599001.6604	12.96	10895354.582400002
RSS0001468_1																					
RSS0001468_2	54269602	3000611	5.5290823765392645	51268991	94.47091762346074	0.03	16280.880599999999	0.51	276774.97020000004	0.06	32561.761199999997	0.37	200797.52740000002	2.84	1541256.6967999998	0.14	75977.4428	0.57	309336.7314	1.01	548122.9802
RSS0001469_1																					
RSS0001469_2	44578724	2341540	5.252595386085972	42237184	94.74740461391403	0.03	13373.617199999999	0.54	240725.10960000003	0.06	26747.234399999998	0.37	164941.2788	2.55	1136757.4619999998	0.13	57952.341199999995	0.56	249640.85440000004	1.01	450245.1124
RSS0001470_1																					
RSS0001470_2	52318930	3759020	7.184818191044809	48559910	92.81518180895519	0.09	47087.037	0.47	245898.97099999996	0.14	73246.50200000001	0.65	340073.04500000004	2.61	1365524.0729999999	0.22	115101.64600000001	1.25	653986.625	1.76	920813.1680000001
RSS0001471_1																					
RSS0001471_2	75575294	5606988	7.419075339620908	69968306	92.5809246603791	0.07	52902.70580000001	0.45	340088.82300000003	0.13	98247.8822	0.59	445894.23459999997	3.27	2471312.1138	0.2	151150.588	1.19	899345.9985999999	1.52	1148744.4688
RSS0001472_1																					
RSS0001472_2	60262168	6335160	10.512665259570483	53927008	89.48733474042952	0.09	54235.951199999996	0.42	253101.10559999998	0.15	90393.25200000001	0.89	536333.2952	4.71	2838348.1128000002	0.32	192838.9376	1.58	952142.2544000001	2.35	1416160.948
RSS0001473_1																					
RSS0001473_2	67825634	4756050	7.012171828721867	63069584	92.98782817127812	0.07	47477.94380000001	0.47	318780.4798	0.12	81390.76079999999	0.56	379823.55040000007	3.0	2034769.02	0.19	128868.7046	1.15	779994.791	1.45	983471.693
RSS0001474_1																					
RSS0001474_2	46963960	2121304	4.516876345180432	44842656	95.48312365481956	0.04	18785.584000000003	0.55	258301.78000000003	0.06	28178.375999999997	0.37	173766.652	1.8	845351.2800000001	0.13	61053.147999999994	0.54	253605.38400000002	1.03	483728.788
RSS0001475_1																					
RSS0001475_2	47324144	2286241	4.831024518900965	45037903	95.16897548109904	0.03	14197.243199999999	0.55	260282.79200000002	0.07	33126.9008	0.34	160902.0896	2.33	1102652.5552	0.13	61521.3872	0.47	222423.47679999997	0.91	430649.71040000004
RSS0001476_1																					
RSS0001476_2	50548788	2579394	5.102781099321313	47969394	94.89721890067868	0.03	15164.6364	0.57	288128.0916	0.05	25274.394	0.35	176920.75799999997	2.48	1253609.9424	0.13	65713.4244	0.52	262853.6976	0.97	490323.2436
RSS0001477_1																					
RSS0001477_2	49150700	2724394	5.542940385386169	46426306	94.45705961461383	0.04	19660.280000000002	0.56	275243.92000000004	0.07	34405.490000000005	0.41	201517.86999999997	2.55	1253342.8499999999	0.15	73726.05	0.63	309649.41	1.13	555402.9099999999
RSS0001478_1																					
RSS0001478_2	49065852	3004696	6.123802762051294	46061156	93.87619723794872	0.06	29439.511199999997	0.53	260049.0156	0.09	44159.2668	0.51	250235.8452	2.44	1197206.7888	0.17	83411.94840000001	0.92	451405.8384	1.4	686921.928
RSS0001479_1																					
RSS0001479_2	41993050	2408150	5.734639422475862	39584900	94.26536057752413	0.06	25195.829999999998	0.56	235161.08000000005	0.1	41993.05	0.52	218363.86	2.06	865056.83	0.18	75587.48999999999	0.86	361140.23	1.39	583703.395
RSS0001480_1																					
RSS0001480_2	50523046	3324759	6.580678053338272	47198287	93.41932194666173	0.05	25261.523	0.52	262719.8392	0.08	40418.4368	0.45	227353.70700000002	3.32	1677365.1272	0.16	80836.8736	0.81	409236.67260000005	1.19	601224.2474
RSS0001481_1																					
RSS0001481_2	76305832	4838045	6.340334510735693	71467787	93.65966548926431	0.07	53414.08240000001	0.49	373898.5768	0.11	83936.4152	0.55	419682.07600000006	2.42	1846601.1343999999	0.19	144981.0808	1.03	785950.0696	1.48	1129326.3136
RSS0001482_1																					
RSS0001482_2	62264072	3391480	5.446929330288581	58872592	94.55307066971142	0.04	24905.628800000002	0.5	311320.36	0.06	37358.443199999994	0.37	230377.0664	2.75	1712261.98	0.13	80943.29359999999	0.6	373584.43200000003	1.0	622640.72
RSS0001483_1																					
RSS0001483_2	61152072	3646892	5.963644208163544	57505180	94.03635579183646	0.04	24460.828800000003	0.5	305760.36	0.06	36691.2432	0.38	232377.8736	3.16	1932405.4752000002	0.14	85612.90080000002	0.62	379142.8464	1.05	642096.756
RSS0001484_1																					
RSS0001484_2	53567254	2772637	5.17599240760036	50794617	94.82400759239964	0.04	21426.9016	0.51	273192.9954	0.07	37497.07780000001	0.41	219625.74139999997	2.2	1178479.5880000002	0.15	80350.88100000001	0.61	326760.2494	1.18	632093.5972
RSS0001485_1																					
RSS0001485_2	55615634	2606946	4.68743375289042	53008688	95.31256624710957	0.03	16684.690199999997	0.52	289201.2968	0.05	27807.817	0.33	183531.59219999998	2.23	1240228.6382	0.12	66738.76079999999	0.48	266955.04319999996	0.92	511663.8328
RSS0001486_1																					
RSS0001486_2	48675570	3632183	7.462024584406509	45043387	92.5379754155935	0.1	48675.57	0.55	267715.635	0.15	73013.355	0.66	321258.762	2.56	1246094.592	0.22	107086.254	1.4	681457.98	1.83	890762.931
RSS0001487_1																					
RSS0001487_2	47295428	2519456	5.327060366173238	44775972	94.67293963382676	0.05	23647.714	0.56	264854.39680000005	0.08	37836.3424	0.43	203370.3404	2.12	1002663.0736	0.16	75672.6848	0.72	340527.0816	1.22	577004.2215999999
RSS0001488_1																					
RSS0001488_2	39532826	2912693	7.367783421301579	36620133	92.63221657869842	0.05	19766.413	0.55	217430.54300000003	0.1	39532.826	0.49	193710.8474	3.85	1522013.801	0.16	63252.5216	0.87	343935.58619999996	1.3	513926.73800000007
RSS0001489_1																					
RSS0001489_2	74910960	4479824	5.980198358157471	70431136	94.01980164184252	0.07	52437.672000000006	0.49	367063.70399999997	0.11	82402.05600000001	0.52	389536.99199999997	2.18	1633058.928	0.18	134839.728	1.04	779073.9839999999	1.4	1048753.44
RSS0001490_1																					
RSS0001490_2	52806696	2812655	5.326322631508701	49994041	94.6736773684913	0.05	26403.348	0.52	274594.81919999997	0.08	42245.3568	0.43	227068.7928	2.24	1182869.9904000002	0.15	79210.044	0.71	374927.5416	1.15	607277.004
RSS0001491_1																					
RSS0001491_2	58645834	2742914	4.6770824335109635	55902920	95.32291756648904	0.04	23458.3336	0.5	293229.17	0.06	35187.5004	0.36	211125.0024	2.04	1196375.0136000002	0.13	76239.5842	0.56	328416.67040000006	0.99	580593.7566
RSS0001492_1																					
RSS0001492_2	55071808	2528190	4.590715452813897	52543618	95.4092845471861	0.03	16521.5424	0.53	291880.5824	0.05	27535.904000000002	0.33	181736.9664	2.15	1184043.872	0.13	71593.3504	0.49	269851.8592	0.89	490139.0912
RSS0001493_1																					
RSS0001493_2	70457704	4873334	6.916680112085401	65584370	93.0833198879146	0.05	35228.852	0.54	380471.6016	0.09	63411.9336	0.43	302968.1272	3.77	2656255.4408	0.15	105686.556	0.75	528432.78	1.16	817309.3663999999
RSS0001494_1																					
RSS0001494_2	63095522	4572365	7.246734562240407	58523157	92.7532654377596	0.08	50476.4176	0.5	315477.61	0.13	82024.1786	0.65	410120.89300000004	2.75	1735126.855	0.21	132500.5962	1.23	776074.9206	1.7	1072623.874
RSS0001495_1																					
RSS0001495_2	54006710	2724070	5.043947316916731	51282640	94.95605268308327	0.04	21602.684	0.52	280834.892	0.06	32404.025999999998	0.4	216026.84	2.19	1182746.949	0.14	75609.39400000001	0.62	334841.602	1.07	577871.797
RSS0001496_1																					
RSS0001496_2	56015584	4242943	7.574576032269877	51772641	92.42542396773013	0.08	44812.4672	0.5	280077.92	0.12	67218.70079999999	0.65	364101.29600000003	3.21	1798100.2463999998	0.21	117632.7264	1.07	599366.7488000001	1.73	969069.6032
RSS0001497_1																					
RSS0001497_2	63218100	4090682	6.470744929063037	59127418	93.52925507093697	0.06	37930.85999999999	0.5	316090.5	0.09	56896.29	0.5	316090.5	2.95	1864933.9500000002	0.17	107470.77	0.89	562641.09	1.3	821835.3
RSS0001498_1																					
RSS0001498_2	54215456	3105782	5.728591492433449	51109674	94.27140850756655	0.05	27107.728	0.52	281920.3712	0.09	48793.9104	0.45	243969.55200000003	2.5	1355386.4000000001	0.16	86744.7296	0.76	412037.4656	1.21	656007.0176
RSS0001499_1																					
RSS0001499_2	64573120	3690926	5.715886114841593	60882194	94.2841138851584	0.04	25829.248	0.52	335780.224	0.07	45201.18400000001	0.43	277664.416	2.7	1743474.2400000002	0.15	96859.68000000001	0.65	419725.28	1.15	742590.88
RSS0001500_1																					
RSS0001500_2	77965304	3957794	5.076352937711882	74007510	94.92364706228813	0.04	31186.121600000002	0.53	413216.1112	0.06	46779.1824	0.38	296268.1552	2.27	1769812.4008000002	0.14	109151.42560000002	0.59	459995.2936	1.06	826432.2224
RSS0001502_1																					
RSS0001502_2	61300556	5045917	8.231437574562946	56254639	91.76856242543705	0.12	73560.6672	0.49	300372.7244	0.17	104210.9452	0.9	551705.0040000001	2.12	1299571.7872	0.26	159381.4456	1.72	1054369.5632	2.44	1495733.5664
RSS0001503_1																					
RSS0001503_2	48520080	2466732	5.0839405046323085	46053348	94.91605949536769	0.04	19408.032	0.57	276564.45599999995	0.07	33964.056000000004	0.43	208636.344	1.98	960697.5839999999	0.16	77632.128	0.67	325084.536	1.16	562832.928
RSS0001504_1																					
RSS0001504_2	43722406	2246865	5.138932656176332	41475541	94.86106734382366	0.05	21861.203	0.54	236100.99240000002	0.09	39350.1654	0.45	196750.82700000002	1.85	808864.511	0.16	69955.8496	0.78	341034.76680000004	1.23	537785.5938
RSS0001505_1																					
RSS0001505_2	78877284	4520044	5.730476216701376	74357240	94.26952378329862	0.06	47326.37039999999	0.48	378610.96319999994	0.09	70989.55559999999	0.49	386498.69159999996	2.27	1790514.3468000002	0.17	134091.38280000002	0.86	678344.6424	1.31	1033292.4204000001
RSS0001506_1																					
RSS0001506_2	57184022	3315237	5.797488326372006	53868785	94.202511673628	0.05	28592.011000000002	0.5	285920.11	0.08	45747.2176	0.46	263046.5012	2.59	1481066.1698	0.16	91494.4352	0.75	428880.165	1.21	691926.6662
RSS0001507_1																					
RSS0001507_2	52402848	3224756	6.153780038825371	49178092	93.84621996117463	0.05	26201.424	0.51	267254.5248	0.09	47162.5632	0.49	256773.9552	2.71	1420117.1808	0.17	89084.8416	0.83	434943.6384	1.29	675996.7392
RSS0001508_1																					
RSS0001508_2	73892094	4235553	5.732078725499375	69656541	94.26792127450062	0.03	22167.6282	0.49	362071.2606	0.05	36946.047	0.35	258622.32899999997	3.15	2327600.961	0.13	96059.72219999999	0.51	376849.6794	1.01	746310.1494
RSS0001509_1																					
RSS0001509_2	69170602	3494087	5.051404641526757	65676515	94.94859535847324	0.03	20751.1806	0.52	359687.13039999997	0.05	34585.301	0.36	249014.1672	2.47	1708513.8694000002	0.13	89921.78259999999	0.52	359687.13039999997	0.97	670954.8394
RSS0001510_1																					
RSS0001510_2	55036014	2432331	4.419526094313444	52603683	95.58047390568656	0.04	22014.405600000002	0.52	286187.2728	0.06	33021.6084	0.38	209136.8532	1.73	952123.0422	0.14	77050.41960000001	0.57	313705.27979999996	1.0	550360.14
RSS0001511_1																					
RSS0001511_2	46758678	2274839	4.865062694886284	44483839	95.13493730511372	0.04	18703.4712	0.55	257172.72900000002	0.07	32731.074600000004	0.42	196386.44759999998	1.8	841656.2040000001	0.15	70138.017	0.7	327310.746	1.12	523697.19360000006
RSS0001512_1																					
RSS0001512_2	53732946	2967246	5.522209781685896	50765700	94.47779021831411	0.05	26866.473	0.47	252544.84619999997	0.08	42986.3568	0.45	241798.25700000004	2.34	1257350.9363999998	0.15	80599.419	0.78	419116.97880000004	1.2	644795.352
RSS0001513_1																					
RSS0001513_2	73570058	4028571	5.475829582735955	69541487	94.52417041726405	0.06	44142.034799999994	0.5	367850.29	0.09	66213.05219999999	0.47	345779.27259999997	2.11	1552328.2237999998	0.18	132426.10439999998	0.87	640059.5046	1.21	890197.7017999999
RSS0001514_1																					
RSS0001514_2	58749292	2761247	4.700051534238064	55988045	95.29994846576194	0.04	23499.716800000002	0.51	299621.38920000003	0.07	41124.504400000005	0.38	223247.3096	1.94	1139736.2648	0.14	82249.00880000001	0.62	364245.6104	1.02	599242.7784000001
RSS0001515_1																					
RSS0001515_2	61990468	3607753	5.819851206801665	58382715	94.18014879319834	0.03	18597.140399999997	0.47	291355.19959999993	0.07	43393.327600000004	0.4	247961.872	2.9	1797723.572	0.15	92985.702	0.67	415336.13560000004	1.12	694293.2416000001
RSS0001516_1																					
RSS0001516_2	60160262	3340915	5.553358461105106	56819347	94.4466415388949	0.04	24064.1048	0.53	318849.3886	0.07	42112.18340000001	0.42	252673.1004	2.56	1540102.7072	0.15	90240.393	0.66	397057.7292	1.12	673794.9344000001
RSS0001517_1																					
RSS0001517_2	63698452	3446373	5.410450162901918	60252079	94.58954983709809	0.03	19109.5356	0.48	305752.5696	0.06	38219.0712	0.39	248423.9628	2.64	1681639.1328	0.15	95547.678	0.6	382190.712	1.05	668833.746
RSS0001518_1																					
RSS0001518_2	65165184	3196594	4.905370941636565	61968590	95.09462905836344	0.03	19549.5552	0.51	332342.43840000004	0.04	26066.0736	0.32	208528.5888	2.52	1642162.6368	0.13	84714.7392	0.47	306276.3648	0.89	579970.1376
RSS0001519_1																					
RSS0001519_2	63817064	3221352	5.047790979541146	60595712	94.95220902045885	0.05	31908.532	0.52	331848.7328	0.07	44671.944800000005	0.44	280795.08160000003	1.87	1193379.0968000002	0.16	102107.3024	0.75	478627.98	1.17	746659.6488
RSS0001520_1																					
RSS0001520_2	58939066	3658722	6.207634847827415	55280344	93.79236515217258	0.06	35363.4396	0.49	288801.42339999997	0.09	53045.1594	0.49	288801.42339999997	2.67	1573673.0621999998	0.17	100196.4122	0.87	512769.87419999996	1.36	801571.2976
RSS0001521_1																					
RSS0001521_2	71698040	4517272	6.3004121172628995	67180768	93.6995878827371	0.07	50188.628000000004	0.49	351320.396	0.12	86037.64799999999	0.59	423018.436	2.21	1584526.684	0.2	143396.08000000002	1.08	774338.832	1.54	1104149.816
RSS0001522_1																					
RSS0001522_2	62486706	3910017	6.257358165111151	58576689	93.74264183488886	0.08	49989.3648	0.51	318682.20060000004	0.13	81232.7178	0.6	374920.23600000003	2.12	1324718.1672	0.2	124973.412	1.08	674856.4248	1.54	962295.2724
RSS0001523_1																					
RSS0001523_2	51565534	2480259	4.809916251424838	49085275	95.19008374857516	0.04	20626.213600000003	0.49	252671.11659999998	0.06	30939.320399999997	0.38	195949.0292	2.04	1051936.8936	0.14	72191.74760000002	0.62	319706.3108	1.04	536281.5536
RSS0001524_1																					
RSS0001524_2	63312932	3197055	5.049608190629996	60115877	94.95039180937	0.05	31656.466	0.5	316564.66000000003	0.07	44319.05240000001	0.41	259583.02119999996	2.05	1297915.106	0.16	101300.6912	0.66	417865.3512	1.15	728098.718
RSS0001525_1																					
RSS0001525_2	62730214	3075016	4.901969567647258	59655198	95.09803043235274	0.03	18819.064199999997	0.47	294832.0058	0.04	25092.085600000002	0.3	188190.642	2.64	1656077.6496	0.11	69003.2354	0.46	288558.9844	0.84	526933.7975999999
RSS0001526_1																					
RSS0001526_2	62903434	3247678	5.162958193983496	59655756	94.83704180601652	0.04	25161.373600000003	0.51	320807.5134	0.06	37742.060399999995	0.39	245323.39260000002	2.37	1490811.3858	0.15	94355.151	0.61	383710.94739999995	1.03	647905.3702
RSS0001527_1																					
RSS0001527_2	56352470	3169452	5.624335543765873	53183018	94.37566445623413	0.07	39446.72900000001	0.51	287397.597	0.11	61987.717000000004	0.54	304303.338	1.78	1003073.966	0.19	107069.693	0.98	552254.206	1.46	822746.062
RSS0001528_1																					
RSS0001528_2	54747686	3089163	5.642545330591689	51658523	94.35745466940831	0.05	27373.843	0.46	251839.3556	0.08	43798.1488	0.46	251839.3556	2.35	1286570.621	0.16	87596.2976	0.83	454405.7938	1.24	678871.3064
RSS0001529_1																					
RSS0001529_2	76283816	12507593	16.396129160607277	63776223	83.60387083939273	0.32	244108.21120000002	0.43	328020.4088	0.39	297506.8824	1.81	1380737.0696	2.17	1655358.8072000002	0.69	526358.3304	3.74	2853014.7184	6.83	5210184.6328
RSS0001530_1																					
RSS0001530_2	58244232	7264683	12.472793872533163	50979549	87.52720612746684	0.23	133961.7336	0.45	262099.04400000002	0.29	168908.27279999998	1.38	803770.4016	1.77	1030922.9064	0.52	302870.0064	2.8	1630838.4959999998	5.03	2929684.8696000003
RSS0001531_1																					
RSS0001531_2	52516946	2220360	4.227892459702436	50296586	95.77210754029757	0.04	21006.7784	0.51	267836.4246	0.06	31510.167599999997	0.37	194312.70020000002	1.52	798257.5792	0.14	73523.7244	0.59	309849.9814	1.01	530421.1546
RSS0001532_1																					
RSS0001532_2	62559204	3092525	4.9433573355568905	59466679	95.05664266444312	0.05	31279.602	0.52	325307.86079999997	0.08	50047.3632	0.44	275260.4976	1.83	1144833.4332	0.16	100094.7264	0.7	437914.42799999996	1.18	738198.6072
RSS0001533_1																					
RSS0001533_2	59959696	2973797	4.959659902211646	56985899	95.04034009778836	0.04	23983.8784	0.51	305794.44960000005	0.06	35975.817599999995	0.37	221850.8752	2.26	1355089.1295999999	0.14	83943.57440000001	0.58	347766.23679999996	1.01	605592.9296
RSS0001534_1																					
RSS0001534_2	69570356	2682628	3.8559929174431704	66887728	96.14400708255683	0.03	20871.106799999998	0.5	347851.78	0.05	34785.178	0.34	236539.2104	1.42	987899.0552	0.12	83484.42719999999	0.47	326980.67319999996	0.91	633090.2396000001
RSS0001535_1																					
RSS0001535_2	59827964	4782717	7.994116263090617	55045247	92.00588373690938	0.1	59827.964	0.51	305122.6164	0.16	95724.7424	0.74	442726.93360000005	2.49	1489716.3036000002	0.27	161535.50280000002	1.45	867505.4779999999	2.28	1364077.5791999998
RSS0001536_1																					
RSS0001536_2	48248644	2558121	5.301954185489648	45690523	94.69804581451035	0.05	24124.322	0.55	265367.542	0.09	43423.7796	0.47	226768.62679999997	1.86	897424.7784000001	0.16	77197.8304	0.83	400463.7452	1.28	617582.6432
RSS0001537_1																					
RSS0001537_2	85587308	13440349	15.703670689116661	72146959	84.29632931088334	0.33	282438.1164	0.42	359466.6936	0.45	385142.88600000006	1.98	1694628.6983999999	2.14	1831568.3912000002	0.7	599111.156	4.09	3500520.8972	5.59	4784330.5172
RSS0001538_1																					
RSS0001538_2	51397622	3023187	5.881958896853243	48374435	94.11804110314675	0.08	41118.0976	0.5	256988.11000000002	0.14	71956.6708	0.55	282686.92100000003	1.77	909737.9094	0.19	97655.4818	1.21	621911.2262	1.44	740125.7568
RSS0001539_1																					
RSS0001539_2	66121988	2772120	4.192432931689834	63349868	95.80756706831016	0.04	26448.7952	0.5	330609.94	0.06	39673.1928	0.4	264487.952	1.43	945544.4284	0.14	92570.78320000002	0.59	390119.7292	1.04	687668.6751999999
RSS0001540_1																					
RSS0001540_2	50917796	2731414	5.364360232717065	48186382	94.63563976728292	0.04	20367.1184	0.55	280047.878	0.07	35642.457200000004	0.34	173120.5064	2.61	1328954.4756	0.13	66193.1348	0.64	325873.8944	0.99	504086.18039999995
RSS0001541_1																					
RSS0001541_2	55430844	2324009	4.192627844526416	53106835	95.80737215547359	0.03	16629.2532	0.5	277154.22000000003	0.06	33258.5064	0.36	199551.0384	1.61	892436.5884	0.13	72060.0972	0.56	310412.72640000004	0.95	526593.018
RSS0001542_1																					
RSS0001542_2	61569378	2772087	4.502379413350578	58797291	95.49762058664942	0.04	24627.751200000002	0.52	320160.7656	0.07	43098.564600000005	0.41	252434.44979999997	1.62	997423.9236000002	0.16	98511.00480000001	0.6	369416.268	1.08	664949.2824
RSS0001543_1																					
RSS0001543_2	63436018	2692522	4.244468812654666	60743496	95.75553118734533	0.04	25374.4072	0.49	310836.48819999996	0.07	44405.212600000006	0.4	253744.07200000001	1.33	843699.0394000001	0.15	95154.027	0.68	431364.92240000004	1.06	672421.7908
RSS0001544_1																					
RSS0001544_2	52629338	2956133	5.616891856021446	49673205	94.38310814397856	0.06	31577.602799999997	0.5	263146.69	0.09	47366.4042	0.49	257883.7562	2.14	1126267.8332000002	0.17	89469.87460000001	0.87	457875.24059999996	1.31	689444.3278
RSS0001545_1																					
RSS0001545_2	67442200	3849947	5.708513364036167	63592253	94.29148663596382	0.05	33721.1	0.46	310234.12	0.1	67442.2	0.51	343955.22000000003	2.01	1355588.2199999997	0.2	134884.4	1.0	674422.0	1.37	923958.14
RSS0001546_1																					
RSS0001546_2	59461412	3011109	5.063971572017159	56450303	94.93602842798285	0.06	35676.8472	0.51	303253.2012	0.09	53515.2708	0.48	285414.7776	1.68	998951.7215999999	0.16	95138.2592	0.86	511368.1432	1.22	725429.2263999999
RSS0001547_1																					
RSS0001547_2	60038492	3086721	5.141236725266184	56951771	94.85876327473382	0.06	36023.095199999996	0.5	300192.46	0.1	60038.492	0.51	306196.3092	1.61	966619.7212	0.17	102065.4364	0.89	534342.5788	1.3	780500.3960000001
RSS0001548_1																					
RSS0001548_2	62472362	3718990	5.953016471507833	58753372	94.04698352849216	0.06	37483.417199999996	0.52	324856.28239999997	0.11	68719.59820000001	0.53	331103.5186	2.18	1361897.4916	0.18	112450.2516	0.95	593487.439	1.42	887107.5403999999
RSS0001549_1																					
RSS0001549_2	54039808	2864620	5.300944074412699	51175188	94.6990559255873	0.06	32423.884799999996	0.5	270199.04	0.1	54039.808000000005	0.46	248583.1168	1.9	1026756.352	0.16	86463.6928	0.9	486358.27200000006	1.22	659285.6575999999
RSS0001550_1																					
RSS0001550_2	65799322	3775471	5.737856994939857	62023851	94.26214300506014	0.08	52639.4576	0.5	328996.61	0.13	85539.1186	0.59	388215.9998	1.59	1046209.2198000001	0.2	131598.644	1.15	756692.203	1.51	993569.7622
RSS0001551_1																					
RSS0001551_2	55606646	2400567	4.317050519464885	53206079	95.68294948053511	0.04	22242.6584	0.5	278033.23	0.06	33363.9876	0.38	211305.2548	1.66	923070.3236	0.15	83409.969	0.56	311397.21760000003	0.97	539384.4662
RSS0001552_1																					
RSS0001552_2	40101982	3149838	7.8545693826305145	36952144	92.14543061736948	0.13	52132.5766	0.5	200509.91	0.2	80203.964	0.87	348887.2434	1.92	769958.0543999999	0.27	108275.3514	1.75	701784.685	2.22	890264.0004
RSS0001553_1																					
RSS0001553_2	97205392	13711967	14.106179418524437	83493425	85.89382058147557	0.01	9720.539200000001	0.3	291616.176	0.03	29161.617599999998	0.21	204131.32319999998	12.55	12199276.696	0.1	97205.392	0.31	301336.7152	0.6	583232.352
RSS0001554_1																					
RSS0001554_2	70846312	2683169	3.787309352108547	68163143	96.21269064789145	0.02	14169.262400000001	0.47	332977.66639999993	0.04	28338.524800000003	0.31	219623.5672	1.6	1133540.992	0.12	85015.5744	0.41	290469.87919999997	0.82	580939.7583999999
RSS0001555_1																					
RSS0001555_2	36467448	1408059	3.861139392040814	35059389	96.13886060795919	0.02	7293.489600000001	0.51	185983.9848	0.03	10940.2344	0.25	91168.62	1.89	689234.7672	0.1	36467.448000000004	0.33	120342.5784	0.72	262565.62559999997
RSS0001556_1																					
RSS0001556_2	48198002	1731532	3.592538960432426	46466470	96.40746103956758	0.02	9639.600400000001	0.55	265089.011	0.03	14459.400599999999	0.26	125314.80519999999	1.59	766348.2318000001	0.11	53017.802200000006	0.33	159053.4066	0.7	337386.01399999997
RSS0001557_1																					
RSS0001557_2	53802162	1834739	3.4101584988350466	51967423	96.58984150116495	0.02	10760.4324	0.51	274391.0262	0.03	16140.648599999999	0.25	134505.405	1.48	796271.9976	0.12	64562.594399999994	0.33	177547.1346	0.68	365854.70160000003
RSS0001558_1																					
RSS0001558_2	32747050	1245631	3.8037960671266573	31501419	96.19620393287335	0.02	6549.410000000001	0.55	180108.77500000002	0.03	9824.115	0.25	81867.625	1.79	586172.195	0.11	36021.755000000005	0.35	114614.67499999999	0.69	225954.645
RSS0001559_1																					
RSS0001559_2	37561212	1330147	3.541278167488312	36231065	96.45872183251169	0.01	3756.1212	0.53	199074.4236	0.02	7512.2424	0.21	78878.5452	1.78	668589.5736	0.1	37561.212	0.27	101415.2724	0.61	229123.3932
RSS0001560_1																					
RSS0001560_2	34799260	1481535	4.257375013146832	33317725	95.74262498685316	0.03	10439.777999999998	0.46	160076.596	0.05	17399.63	0.34	118317.48400000001	1.87	650746.162	0.14	48718.96400000001	0.47	163556.52199999997	0.89	309713.414
RSS0001561_1																					
RSS0001561_2	105173834	9277740	8.821338585032471	95896094	91.17866141496754	0.12	126208.60079999999	0.42	441730.1028	0.18	189312.9012	0.91	957081.8894000001	2.47	2597793.6998000005	0.29	305004.1186	1.95	2050889.763	2.47	2597793.6998000005
RSS0001562_1																					
RSS0001562_2	48144892	2961894	6.152042048406714	45182998	93.84795795159329	0.04	19257.9568	0.49	235909.97079999998	0.06	28886.935199999996	0.36	173321.61119999998	3.5	1685071.2200000002	0.14	67402.8488	0.57	274425.8844	1.0	481448.92
RSS0001563_1																					
RSS0001563_2	55912138	3353879	5.998481045385887	52558259	94.00151895461411	0.04	22364.8552	0.5	279560.69	0.06	33547.28279999999	0.38	212466.1244	3.27	1828326.9126	0.14	78276.99320000001	0.56	313107.97280000005	1.05	587077.449
RSS0001564_1																					
RSS0001564_2	56068816	3026465	5.397768699092915	53042351	94.60223130090708	0.03	16820.6448	0.5	280344.08	0.05	28034.408	0.35	196240.85599999997	2.86	1603568.1376	0.13	72889.4608	0.51	285950.96160000004	0.96	538260.6336
RSS0001565_1																					
RSS0001565_2	38859636	2641445	6.797400263862483	36218191	93.20259973613751	0.08	31087.7088	0.61	237043.77959999998	0.17	66061.3812	0.61	237043.77959999998	2.74	1064754.0264	0.21	81605.2356	0.9	349736.72400000005	1.48	575122.6128
RSS0001566_1																					
RSS0001566_2	41764602	2596578	6.217174055675186	39168024	93.78282594432481	0.05	20882.301	0.56	233881.77120000005	0.09	37588.1418	0.48	200470.08959999998	2.81	1173585.3162	0.17	70999.82340000001	0.8	334116.816	1.26	526233.9852
RSS0001567_1																					
RSS0001567_2	47991580	4527036	9.432979701856034	43464544	90.56702029814396	0.13	62389.054	0.54	259154.532	0.26	124778.108	0.92	441522.53599999996	3.4	1631713.7200000002	0.3	143974.74	1.64	787061.9119999999	2.25	1079810.55
RSS0001568_1																					
RSS0001568_2	54929372	5152335	9.379927008814155	49777037	90.62007299118584	0.1	54929.372	0.52	285632.7344	0.21	115351.68119999999	0.81	444927.91320000007	4.06	2230132.5031999997	0.28	153802.2416	1.41	774504.1452	1.99	1093094.5028000001
RSS0001569_1																					
RSS0001569_2	69972598	4786279	6.840219081189468	65186319	93.15978091881053	0.07	48980.818600000006	0.48	335868.4704	0.11	76969.8578	0.55	384849.28900000005	2.9	2029205.342	0.18	125950.6764	1.1	769698.5780000001	1.45	1014602.671
RSS0001570_1																					
RSS0001570_2	45213184	6443777	14.251986765630132	38769407	85.74801323436986	0.28	126596.91520000002	0.46	207980.6464	0.37	167288.7808	1.61	727932.2624	3.21	1451343.2063999998	0.55	248672.51200000002	2.87	1297618.3808	4.91	2219967.3344
RSS0001571_1																					
RSS0001571_2	44855098	2381054	5.308324150802212	42474044	94.6916758491978	0.04	17942.0392	0.56	251188.54880000005	0.07	31398.568600000006	0.43	192876.9214	2.24	1004754.1952000002	0.15	67282.647	0.64	287072.6272	1.17	524804.6466
RSS0001572_1																					
RSS0001572_2	58636650	2887908	4.9250903658377485	55748742	95.07490963416225	0.04	23454.66	0.51	299046.91500000004	0.06	35181.99	0.41	240410.26499999996	2.08	1219642.3199999998	0.15	87954.975	0.59	345956.235	1.09	639139.485
RSS0001573_1																					
RSS0001573_2	69602068	4285451	6.1570742409550245	65316617	93.84292575904497	0.05	34801.034	0.45	313209.30600000004	0.07	48721.44760000001	0.46	320169.51279999997	2.93	2039340.5924000002	0.16	111363.3088	0.68	473294.06240000005	1.34	932667.7112
RSS0001574_1																					
RSS0001574_2	55469722	3927480	7.080403251344941	51542242	92.91959674865507	0.07	38828.805400000005	0.46	255160.7212	0.12	66563.66639999999	0.57	316177.41539999994	3.02	1675185.6044	0.19	105392.4718	1.11	615713.9142	1.53	848686.7466000001
RSS0001575_1																					
RSS0001575_2	47692858	2759885	5.78678887308452	44932973	94.21321112691548	0.06	28615.714799999998	0.49	233695.0042	0.09	42923.5722	0.49	233695.0042	2.35	1120782.163	0.17	81077.8586	0.83	395850.7214	1.31	624776.4398
RSS0001576_1																					
RSS0001576_2	49782068	3038875	6.1043566932574995	46743193	93.8956433067425	0.04	19912.8272	0.47	233975.71959999995	0.07	34847.44760000001	0.41	204106.47879999998	3.2	1593026.176	0.15	74673.102	0.68	338518.0624	1.08	537646.3344
RSS0001577_1																					
RSS0001577_2	72474354	4966747	6.853109722095625	67507607	93.14689027790438	0.08	57979.4832	0.5	362371.77	0.13	94216.6602	0.57	413103.81779999996	2.78	2014787.0411999999	0.19	137701.2726	1.13	818960.2002	1.48	1072620.4392000001
RSS0001578_1																					
RSS0001578_2	43515016	2341482	5.380859793318242	41173534	94.61914020668176	0.04	17406.006400000002	0.49	213223.5784	0.06	26109.009599999998	0.38	165357.0608	2.71	1179256.9335999999	0.13	56569.5208	0.55	239332.58800000002	1.01	439501.6616
RSS0001579_1																					
RSS0001579_2	47505826	2407516	5.067833153769392	45098310	94.9321668462306	0.04	19002.330400000003	0.54	256531.4604	0.07	33254.0782	0.4	190023.304	2.16	1026125.8416	0.15	71258.739	0.62	294536.1212	1.09	517813.5034
RSS0001580_1																					
RSS0001580_2	65060190	3111306	4.782196301609325	61948884	95.21780369839068	0.03	19518.056999999997	0.53	344819.007	0.06	39036.113999999994	0.39	253734.741	2.04	1327227.8760000002	0.14	91084.26600000002	0.53	344819.007	1.06	689638.014
RSS0001581_1																					
RSS0001581_2	64686138	5062873	7.826828369317705	59623265	92.17317163068229	0.13	84091.9794	0.49	316962.0762	0.28	181121.18640000004	0.9	582175.2420000001	2.28	1474843.9463999998	0.3	194058.414	1.34	866794.2492000001	2.1	1358408.898
RSS0001582_1																					
RSS0001582_2	55294054	4277495	7.7359041172853775	51016559	92.26409588271463	0.1	55294.054000000004	0.51	281999.6754	0.17	93999.89180000001	0.73	403646.5942	2.53	1398939.5662	0.23	127176.3242	1.53	845999.0262000001	1.95	1078234.053
RSS0001583_1																					
RSS0001583_2	41967280	4767439	11.359895137354625	37199841	88.64010486264537	0.19	79737.832	0.5	209836.4	0.4	167869.12	1.21	507804.088	3.67	1540199.1759999997	0.38	159475.664	2.13	893903.064	2.88	1208657.6639999999
RSS0001584_1																					
RSS0001584_2	51123052	5267592	10.30375103583409	45855460	89.69624896416592	0.16	81796.88320000001	0.47	240278.34439999997	0.33	168706.0716	1.09	557241.2668	3.5	1789306.82	0.36	184042.9872	1.8	920214.9360000001	2.59	1324087.0468
RSS0001585_1																					
RSS0001585_2	70756764	3900570	5.512646112532789	66856194	94.48735388746721	0.06	42454.058399999994	0.5	353783.82	0.1	70756.764	0.49	346708.1436	1.99	1408059.6036	0.17	120286.49880000002	0.92	650962.2288	1.28	905686.5792
RSS0001586_1																					
RSS0001586_2	49812930	3113566	6.250517686873669	46699364	93.74948231312634	0.05	24906.465	0.49	244083.357	0.08	39850.344000000005	0.45	224158.18500000003	3.12	1554163.4160000002	0.16	79700.68800000001	0.73	363634.389	1.18	587792.574
RSS0001587_1																					
RSS0001587_2	58955754	2395454	4.063138603909637	56560300	95.93686139609036	0.03	17686.726199999997	0.5	294778.77	0.04	23582.301600000003	0.33	194553.9882	1.67	984561.0917999999	0.13	76642.48019999999	0.45	265300.89300000004	0.91	536497.3614
RSS0001588_1																					
RSS0001588_2	59730928	3009275	5.038051643865303	56721653	94.9619483561347	0.04	23892.3712	0.56	334493.19680000003	0.06	35838.5568	0.4	238923.712	2.18	1302134.2304	0.15	89596.392	0.6	358385.568	1.05	627174.7440000001
RSS0001589_1																					
RSS0001589_2	66241208	5674753	8.566801801078265	60566455	91.43319819892174	0.12	79489.44959999999	0.48	317957.79839999997	0.25	165603.02	0.85	563050.268	3.27	2166087.5016	0.29	192099.50319999998	1.26	834639.2208	2.04	1351320.6432
RSS0001590_1																					
RSS0001590_2	63609894	6059066	9.525351512140547	57550828	90.47464848785945	0.14	89053.85160000001	0.47	298966.50179999997	0.22	139941.7668	1.12	712430.8128000001	1.98	1259475.9012	0.32	203551.6608	2.18	1386695.6892	3.09	1965545.7245999998
RSS0001591_1																					
RSS0001591_2	50922538	5115767	10.04617444637186	45806771	89.95382555362814	0.16	81476.0608	0.52	264797.1976	0.32	162952.1216	1.06	539778.9028	3.34	1700812.7692	0.34	173136.62920000002	1.83	931882.4454	2.49	1267971.1962000001
RSS0001592_1																					
RSS0001592_2	55951354	5837038	10.432344496971423	50114316	89.56765550302858	0.18	100712.4372	0.48	268566.49919999996	0.31	173449.1974	1.03	576298.9462	3.72	2081390.3688000003	0.35	195829.73899999997	1.79	1001529.2366	2.57	1437949.7977999998
RSS0001593_1																					
RSS0001593_2	77137580	3942903	5.111520221401812	73194677	94.8884797785982	0.04	30855.032000000003	0.48	370260.38399999996	0.07	53996.30600000001	0.37	285409.04600000003	2.34	1805019.3719999997	0.13	100278.85399999999	0.66	509108.028	1.02	786803.3160000001
RSS0001594_1																					
RSS0001594_2	51718268	2477945	4.791237401840294	49240323	95.20876259815971	0.03	15515.480399999999	0.49	253419.5132	0.06	31030.960799999997	0.35	181013.938	2.16	1117114.5888	0.13	67233.7484	0.58	299965.9544	0.97	501667.1996
RSS0001595_1																					
RSS0001595_2	70119064	3278154	4.6751251556923235	66840910	95.32487484430767	0.04	28047.625600000003	0.48	336571.5072	0.06	42071.4384	0.37	259440.5368	2.0	1402381.28	0.13	91154.78319999999	0.57	399678.66479999997	1.02	715214.4528000001
RSS0001596_1																					
RSS0001596_2	73928132	3445419	4.660497846746622	70482713	95.33950215325338	0.03	22178.439599999998	0.48	354855.03359999997	0.04	29571.252800000002	0.31	229177.20919999998	2.36	1744703.9152	0.12	88713.75839999999	0.42	310498.1544	0.89	657960.3748
RSS0001597_1																					
RSS0001597_2	47469980	2581257	5.437661865456864	44888723	94.56233813454314	0.05	23734.99	0.58	275325.88399999996	0.08	37975.984000000004	0.44	208867.912	2.25	1068074.55	0.16	75951.96800000001	0.64	303807.87200000003	1.22	579133.7559999999
RSS0001598_1																					
RSS0001598_2	61717940	2747006	4.4509035784408875	58970934	95.54909642155911	0.03	18515.381999999998	0.5	308589.7	0.05	30858.97	0.37	228356.378	1.85	1141781.8900000001	0.14	86405.11600000001	0.52	320933.288	1.0	617179.4
RSS0001599_1																					
RSS0001599_2	66009470	5041153	7.637014810147695	60968317	92.36298518985231	0.08	52807.576	0.52	343249.244	0.15	99014.205	0.63	415859.661	3.19	2105702.093	0.21	138619.887	1.19	785512.693	1.66	1095757.202
RSS0001600_1																					
RSS0001600_2	49664348	3292058	6.628614151946584	46372290	93.37138584805341	0.06	29798.608799999998	0.57	283086.78359999997	0.1	49664.348	0.51	253288.1748	2.95	1465098.266	0.19	94362.2612	0.87	432079.82759999996	1.38	685368.0024
RSS0001601_1																					
RSS0001601_2	65314714	5043239	7.7214439000682145	60271475	92.27855609993179	0.12	78377.6568	0.5	326573.57	0.17	111035.01380000002	0.82	535580.6547999999	1.86	1214853.6804000002	0.29	189412.67059999998	1.56	1018909.5384000001	2.4	1567553.136
RSS0001602_1																					
RSS0001602_2	53518740	2745965	5.130847624589069	50772775	94.86915237541092	0.05	26759.37	0.45	240834.33000000002	0.09	48166.866	0.46	246186.204	1.97	1054319.1779999998	0.16	85629.98400000001	0.77	412094.298	1.19	636873.0059999999
RSS0001603_1																					
RSS0001603_2	58789594	2541668	4.323329737572265	56247926	95.67667026242773	0.04	23515.837600000003	0.49	288069.0106	0.06	35273.7564	0.36	211642.5384	1.69	993544.1386	0.13	76426.47219999999	0.57	335100.6858	0.99	582016.9805999999
RSS0001604_1																					
RSS0001604_2	50173906	2088669	4.1628590765885365	48085237	95.83714092341147	0.03	15052.171799999998	0.54	270939.0924	0.05	25086.953	0.34	170591.28040000002	1.68	842921.6207999999	0.13	65226.0778	0.47	235817.35819999996	0.92	461599.9352
RSS0001605_1																					
RSS0001605_2	51730360	3592336	6.944347574615757	48138024	93.05565242538424	0.08	41384.288	0.55	284516.98000000004	0.17	87941.61200000001	0.67	346593.412	2.61	1350162.396	0.23	118979.828	0.99	512130.56399999995	1.63	843204.8679999999
RSS0001606_1																					
RSS0001606_2	67680230	2837530	4.19255371915846	64842700	95.80744628084153	0.02	13536.046	0.5	338401.15	0.04	27072.092	0.29	196272.667	2.03	1373908.669	0.12	81216.276	0.4	270720.92	0.8	541441.84
RSS0001607_1																					
RSS0001607_2	48576252	3848046	7.921660979525551	44728206	92.07833902047446	0.11	53433.8772	0.54	262311.7608	0.22	106867.7544	0.78	378894.76560000004	2.77	1345562.1804	0.26	126298.2552	1.31	636348.9012000001	1.92	932664.0384
RSS0001608_1																					
RSS0001608_2	47254272	4032564	8.533755424271481	43221708	91.46624457572852	0.11	51979.6992	0.55	259898.496	0.22	103959.3984	0.77	363857.8944	3.28	1549940.1215999997	0.27	127586.5344	1.37	647383.5264	1.96	926183.7311999999
RSS0001609_1																					
RSS0001609_2	83152934	4546244	5.467328428844135	78606690	94.53267157115587	0.06	49891.7604	0.5	415764.67	0.11	91468.2274	0.5	415764.67	1.9	1579905.746	0.17	141359.9878	0.95	789952.873	1.29	1072672.8486
RSS0001610_1																					
RSS0001610_2	54517222	2925245	5.365726448790806	51591977	94.63427355120919	0.05	27258.611	0.49	267134.38779999997	0.08	43613.7776	0.43	234424.0546	2.27	1237540.9394	0.15	81775.833	0.77	419782.6094	1.13	616044.6085999999
RSS0001611_1																					
RSS0001611_2	57216430	2398333	4.191685849676395	54818097	95.80831415032361	0.04	22886.572	0.49	280360.507	0.06	34329.858	0.37	211700.791	1.53	875411.3790000001	0.13	74381.359	0.59	337576.937	0.98	560721.014
RSS0001612_1																					
RSS0001612_2	65234898	3077616	4.717744787460234	62157282	95.28225521253977	0.04	26093.9592	0.49	319651.0002	0.07	45664.42860000001	0.4	260939.592	1.91	1245986.5518	0.14	91328.85720000001	0.6	391409.38800000004	1.06	691489.9188
RSS0001613_1																					
RSS0001613_2	68477466	2771182	4.046852434638864	65706284	95.95314756536114	0.03	20543.2398	0.51	349235.07660000003	0.04	27390.9864	0.31	212280.1446	1.75	1198355.655	0.12	82172.9592	0.43	294453.1038	0.85	582058.461
RSS0001614_1																					
RSS0001614_2	52900086	2013648	3.806511770132094	50886438	96.19348822986791	0.03	15870.0258	0.49	259210.4214	0.05	26450.043	0.34	179860.2924	1.41	745891.2126	0.12	63480.1032	0.46	243340.3956	0.9	476100.77400000003
RSS0001615_1																					
RSS0001615_2	50048538	2880160	5.754733534873686	47168378	94.2452664651263	0.06	30029.122799999997	0.54	270262.1052	0.1	50048.538	0.5	250242.69	2.13	1066033.8594	0.17	85082.51460000001	0.93	465451.40340000007	1.33	665645.5554000001
RSS0001616_1																					
RSS0001616_2	55911162	2838893	5.077506706084914	53072269	94.9224932939151	0.04	22364.4648	0.49	273964.6938	0.07	39137.81340000001	0.4	223644.64800000002	2.16	1207681.0992	0.15	83866.743	0.67	374604.7854	1.09	609431.6658
RSS0001617_1																					
RSS0001617_2	79110510	4166493	5.266674427961594	74944017	94.73332557203841	0.05	39555.255	0.49	387641.499	0.09	71199.459	0.45	355997.29500000004	1.97	1558477.0469999998	0.16	126576.816	0.84	664528.284	1.2	949326.12
RSS0001618_1																					
RSS0001618_2	70470774	3798079	5.389580367032722	66672695	94.61041963296728	0.06	42282.4644	0.48	338259.7152	0.09	63423.696599999996	0.47	331212.63779999997	2.05	1444650.8669999999	0.16	112753.2384	0.83	584907.4242	1.25	880884.675
RSS0001619_1																					
RSS0001619_2	64318842	3074000	4.77931490122288	61244842	95.22068509877712	0.05	32159.421000000002	0.5	321594.21	0.08	51455.0736	0.45	289434.78900000005	1.66	1067692.7772	0.16	102910.1472	0.7	450231.894	1.18	758962.3356
RSS0001620_1																					
RSS0001620_2	74714504	3239229	4.335475478763802	71475275	95.66452452123619	0.04	29885.801600000003	0.48	358629.61919999996	0.06	44828.702399999995	0.38	283915.1152	1.62	1210374.9648000002	0.14	104600.30560000002	0.57	425872.67279999994	1.05	784502.292
RSS0001621_1																					
RSS0001621_2	67578540	2897781	4.288019539930872	64680759	95.71198046006913	0.03	20273.561999999998	0.5	337892.7	0.06	40547.123999999996	0.36	243282.744	1.71	1155593.034	0.13	87852.102	0.54	364924.11600000004	0.96	648753.9839999999
RSS0001622_1																					
RSS0001622_2	64558426	2746144	4.253734438940627	61812282	95.74626556105937	0.03	19367.5278	0.52	335703.8152	0.06	38735.0556	0.37	238866.17620000002	1.62	1045846.5012000002	0.14	90381.7964	0.54	348615.5004	0.98	632672.5748
RSS0001623_1																					
RSS0001623_2	51401620	3273861	6.369178636782265	48127759	93.63082136321773	0.08	41121.296	0.52	267288.424	0.13	66822.106	0.6	308409.72000000003	1.93	992051.2659999998	0.2	102803.24	1.22	627099.764	1.68	863547.2159999999
RSS0001624_1																					
RSS0001624_2	52118768	2774658	5.323721389576976	49344110	94.67627861042303	0.05	26059.384000000002	0.49	255381.9632	0.08	41695.0144	0.44	229322.5792	2.19	1141401.0192	0.15	78178.152	0.75	390890.76	1.16	604577.7087999999
RSS0001625_1																					
RSS0001625_2	83870582	4069417	4.852019507865106	79801165	95.14798049213489	0.05	41935.291	0.5	419352.91000000003	0.09	75483.5238	0.44	369030.56080000004	1.59	1333542.2538	0.17	142579.98940000002	0.85	712899.947	1.16	972898.7511999999
RSS0001626_1																					
RSS0001626_2	56735566	2909103	5.127476828203318	53826463	94.87252317179669	0.06	34041.3396	0.48	272330.7168	0.1	56735.566	0.5	283677.83	1.64	930463.2823999999	0.17	96450.46220000001	0.9	510620.09400000004	1.29	731888.8014
RSS0001627_1																					
RSS0001627_2	63092328	2799198	4.436669383954258	60293130	95.56333061604573	0.03	18927.698399999997	0.49	309152.4072	0.06	37855.396799999995	0.39	246060.0792	1.74	1097806.5071999999	0.14	88329.25920000001	0.55	347007.80400000006	1.04	656160.2112
RSS0001628_1																					
RSS0001628_2	64851730	3059088	4.717049182805146	61792642	95.28295081719486	0.04	25940.692000000003	0.49	317773.477	0.07	45396.211	0.38	246436.574	1.98	1284064.254	0.13	84307.249	0.61	395595.55299999996	1.02	661487.6460000001
RSS0001629_1																					
RSS0001629_2	59214628	2598544	4.388348095338874	56616084	95.61165190466112	0.03	17764.3884	0.5	296073.14	0.05	29607.314000000002	0.33	195408.2724	1.94	1148763.7832	0.12	71057.5536	0.51	301994.6028	0.91	538853.1148
RSS0001630_1																					
RSS0001630_2	80677956	3799134	4.709011219867791	76878822	95.29098878013221	0.05	40338.978	0.49	395321.9844	0.07	56474.569200000005	0.43	346915.2108	1.69	1363457.4563999998	0.15	121016.93400000001	0.66	532474.5096	1.17	943932.0851999999
RSS0001631_1																					
RSS0001631_2	52836420	2533571	4.7951223796010405	50302849	95.20487762039896	0.04	21134.568	0.49	258898.45799999998	0.07	36985.494000000006	0.41	216629.322	1.83	966906.486	0.14	73970.98800000001	0.7	369854.93999999994	1.11	586484.262
RSS0001632_1																					
RSS0001632_2	70032762	3922751	5.60130842761849	66110011	94.39869157238151	0.07	49022.93340000001	0.53	371173.6386	0.11	77036.03820000001	0.53	371173.6386	1.84	1288602.8207999999	0.17	119055.69540000001	1.0	700327.62	1.35	945442.2870000001
RSS0001633_1																					
RSS0001633_2	71945040	3693981	5.134448462326242	68251059	94.86555153767375	0.04	28778.016	0.47	338141.68799999997	0.08	57556.032	0.45	323752.68000000005	1.89	1359761.256	0.17	122306.56800000001	0.82	589949.328	1.2	863340.48
RSS0001634_1																					
RSS0001634_2	65030114	3194024	4.91160756691892	61836090	95.08839243308108	0.06	39018.0684	0.53	344659.6042	0.09	58527.1026	0.46	299138.5244	1.52	988457.7328	0.16	104048.1824	0.86	559258.9804	1.23	799870.4022
RSS0001635_1																					
RSS0001635_2	65537978	2973806	4.537530895445081	62564172	95.46246910455491	0.04	26215.1912	0.49	321136.0922	0.06	39322.786799999994	0.41	268705.70979999995	1.71	1120699.4238	0.15	98306.967	0.59	386674.0702	1.09	714363.9602
RSS0001636_1																					
RSS0001636_2	72959578	2830485	3.8795249062432897	70129093	96.12047509375671	0.03	21887.873399999997	0.47	342910.0166	0.04	29183.8312	0.33	240766.6074	1.58	1152761.3324000002	0.12	87551.49359999999	0.43	313726.1854	0.88	642044.2864
RSS0001637_1																					
RSS0001637_2	50969300	2064262	4.0500104965145685	48905038	95.94998950348543	0.04	20387.72	0.5	254846.5	0.06	30581.579999999998	0.39	198780.27000000002	1.31	667697.8300000001	0.14	71357.02	0.56	285428.08	1.05	535177.65
RSS0001638_1																					
RSS0001638_2	60604588	2309580	3.810899597238414	58295008	96.18910040276158	0.03	18181.376399999997	0.49	296962.4812	0.05	30302.294	0.35	212116.058	1.31	793920.1028	0.13	78785.9644	0.5	303022.94	0.95	575743.586
RSS0001639_1																					
RSS0001639_2	56118970	2288872	4.078606574568279	53830098	95.92139342543172	0.03	16835.691	0.47	263759.159	0.05	28059.485	0.33	185192.601	1.7	954022.4900000001	0.12	67342.764	0.48	269371.056	0.89	499458.833
RSS0001640_1																					
RSS0001640_2	49157468	2087957	4.247486872187965	47069511	95.75251312781204	0.03	14747.240399999999	0.53	260534.5804	0.06	29494.480799999998	0.37	181882.63160000002	1.6	786519.488	0.13	63904.708399999996	0.54	265450.3272	0.98	481743.1864
RSS0001641_1																					
RSS0001641_2	93165356	4452723	4.779376359598733	88712633	95.22062364040127	0.03	27949.606799999998	0.44	409927.5664	0.06	55899.213599999995	0.36	335395.2816	2.15	2003055.1539999999	0.16	149064.56960000002	0.58	540359.0647999999	1.01	940970.0956
RSS0001642_1																					
RSS0001642_2	60139148	2674730	4.4475688282115335	57464418	95.55243117178847	0.04	24055.659200000002	0.49	294681.82519999996	0.07	42097.403600000005	0.44	264612.2512	1.45	872017.646	0.15	90208.72200000001	0.65	390904.46200000006	1.16	697614.1168
RSS0001643_1																					
RSS0001643_2	42690536	1929693	4.520189205401403	40760843	95.47981079459859	0.04	17076.2144	0.55	234797.94800000003	0.07	29883.375200000006	0.42	179300.2512	1.55	661703.308	0.15	64035.804000000004	0.61	260412.26959999997	1.12	478134.0032000001
RSS0001644_1																					
RSS0001644_2	64470242	2733167	4.239424136177432	61737075	95.76057586382257	0.03	19341.0726	0.49	315904.1858	0.05	32235.121	0.35	225645.84699999998	1.78	1147570.3076	0.13	83811.3146	0.49	315904.1858	0.93	599573.2506
RSS0001645_1																					
RSS0001645_2	38041558	1715979	4.510801056045076	36325579	95.48919894395492	0.04	15216.6232	0.54	205424.4132	0.07	26629.090600000003	0.4	152166.232	1.62	616273.2396000001	0.14	53258.181200000006	0.63	239661.8154	1.05	399436.359
RSS0001646_1																					
RSS0001646_2	55326494	1987112	3.59161019673504	53339382	96.40838980326495	0.03	16597.9482	0.48	265567.1712	0.05	27663.247	0.32	177044.7808	1.26	697113.8244	0.12	66391.7928	0.47	260034.52179999996	0.87	481340.49779999995
RSS0001647_1																					
RSS0001647_2	41173138	1970627	4.786195795909459	39202511	95.21380420409054	0.04	16469.2552	0.56	230569.57280000002	0.08	32938.5104	0.42	172927.1796	1.88	774054.9943999999	0.16	65877.0208	0.6	247038.828	1.04	428200.63519999996
RSS0001648_1																					
RSS0001648_2	42612780	2372269	5.567036461831404	40240511	94.43296353816861	0.05	21306.39	0.55	234370.29000000004	0.09	38351.502	0.46	196018.788	2.33	992877.7740000001	0.17	72441.72600000001	0.76	323857.128	1.17	498569.52599999995
RSS0001649_1																					
RSS0001649_2	175727524	39700616	22.592144415578293	136026908	77.40785558442171	0.21	369027.80039999995	0.25	439318.81	0.25	439318.81	0.98	1722129.7352	7.29	12810536.4996	0.76	1335529.1824	4.37	7679292.798800001	8.46	14866548.530400002
RSS0001650_1																					
RSS0001650_2	76885846	3659038	4.759052791068983	73226808	95.24094720893102	0.04	30754.3384	0.44	338297.7224	0.06	46131.5076	0.4	307543.384	1.7	1307059.382	0.17	130705.9382	0.66	507446.5836	1.29	991827.4134
RSS0001651_1																					
RSS0001651_2	64331766	2433585	3.782866772225715	61898181	96.21713322777428	0.02	12866.353200000001	0.45	289492.94700000004	0.04	25732.706400000003	0.27	173695.76820000002	1.74	1119372.7284	0.11	70764.94260000001	0.39	250893.8874	0.75	482488.245
RSS0001652_1																					
RSS0001652_2	60454580	13542416	22.400976071622697	46912164	77.5990239283773	0.53	320409.274	0.39	235772.86200000002	0.72	435272.97599999997	3.14	1898273.8120000002	1.86	1124455.188	1.03	622682.174	6.11	3693774.838	8.62	5211184.796
RSS0001653_1																					
RSS0001653_2	53493888	2158091	4.0342758410082284	51335797	95.96572415899178	0.02	10698.777600000001	0.49	262120.0512	0.03	16048.166399999998	0.26	139084.1088	2.04	1091275.3152	0.11	58843.27680000001	0.36	192577.9968	0.73	390505.3824
RSS0001654_1																					
RSS0001654_2	56591752	2419542	4.275432221995884	54172210	95.72456777800411	0.02	11318.350400000001	0.47	265981.23439999996	0.04	22636.700800000002	0.26	147138.5552	2.22	1256336.8944	0.11	62250.927200000006	0.39	220707.8328	0.77	435756.4904
RSS0001655_1																					
RSS0001655_2	66762572	2783194	4.168793856533867	63979378	95.83120614346613	0.02	13352.5144	0.44	293755.31680000003	0.03	20028.7716	0.25	166906.43	2.27	1515510.3844	0.11	73438.82920000001	0.34	226992.74480000001	0.71	474014.26119999995
RSS0001656_1																					
RSS0001656_2	64297928	3237366	5.034946071668126	61060562	94.96505392833188	0.02	12859.5856	0.45	289340.67600000004	0.04	25719.1712	0.27	173604.4056	2.9	1864639.9119999998	0.12	77157.51359999999	0.47	302200.26159999997	0.76	488664.2528
RSS0001657_1																					
RSS0001657_2	49230114	3079731	6.255786854363164	46150383	93.74421314563683	0.03	14769.034199999998	0.52	255996.59279999998	0.07	34461.07980000001	0.42	206766.47879999998	3.37	1659054.8418	0.16	78768.1824	0.61	300303.69539999997	1.08	531685.2312
RSS0001658_1																					
RSS0001658_2	70741032	4192591	5.926674917606517	66548441	94.07332508239348	0.04	28296.412800000002	0.49	346631.05679999996	0.07	49518.722400000006	0.38	268815.9216	3.14	2221268.4048	0.13	91963.3416	0.64	452742.60480000003	1.03	728632.6296
RSS0001659_1																					
RSS0001659_2	61019134	2712314	4.445022113883163	58306820	95.55497788611683	0.03	18305.7402	0.5	305095.67	0.04	24407.6536	0.3	183057.402	2.17	1324115.2078	0.12	73222.9608	0.43	262382.2762	0.84	512560.72559999995
RSS0001660_1																					
RSS0001660_2	45913794	2464913	5.368567450557451	43448881	94.63143254944255	0.03	13774.1382	0.53	243343.1082	0.05	22956.897	0.34	156106.8996	2.87	1317725.8878	0.13	59687.932199999996	0.5	229568.97	0.92	422406.9048
RSS0001661_1																					
RSS0001661_2	55531190	3731029	6.718798930835086	51800161	93.28120106916491	0.06	33318.714	0.5	277655.95	0.1	55531.19	0.48	266549.712	3.23	1793657.4370000002	0.16	88849.90400000001	0.89	494227.591	1.3	721905.4700000001
RSS0001662_1																					
RSS0001662_2	70767312	4301374	6.078193276579446	66465938	93.92180672342056	0.05	35383.656	0.49	346759.8288	0.08	56613.8496	0.41	290145.97919999994	3.04	2151326.2848	0.15	106150.96800000001	0.74	523678.10880000005	1.12	792593.8944000001
RSS0001663_1																					
RSS0001663_2	49348550	3310320	6.708039040660769	46038230	93.29196095933922	0.03	14804.564999999999	0.49	241807.895	0.06	29609.129999999997	0.36	177654.78	4.12	2033160.26	0.14	69087.97000000002	0.55	271417.025	0.97	478680.935
RSS0001664_1																					
RSS0001664_2	118687634	13390023	11.281733866225693	105297611	88.7182661337743	0.02	23737.5268	0.36	427275.4824	0.05	59343.817	0.33	391669.1922	8.73	10361430.4482	0.15	178031.451	0.6	712125.804	1.04	1234351.3935999998
RSS0001665_1																					
RSS0001665_2	38482468	2664579	6.924137505941667	35817889	93.07586249405834	0.05	19241.234	0.55	211653.57400000002	0.08	30785.974400000003	0.39	150081.6252	4.0	1539298.72	0.14	53875.45520000001	0.7	269377.27599999995	1.02	392521.17360000004
RSS0001666_1																					
RSS0001666_2	63220546	3184276	5.036773962692445	60036270	94.96322603730756	0.02	12644.1092	0.5	316102.73	0.04	25288.2184	0.31	195983.69259999998	2.77	1751209.1242	0.12	75864.6552	0.41	259204.23859999995	0.86	543696.6956
RSS0001667_1																					
RSS0001667_2	63362942	3151281	4.97338175995679	60211661	95.02661824004322	0.03	19008.882599999997	0.47	297805.82739999995	0.05	31681.471	0.36	228106.5912	2.43	1539719.4906000001	0.13	82371.82459999999	0.49	310478.4158	1.0	633629.42
RSS0001668_1																					
RSS0001668_2	54476808	3149048	5.780529578752118	51327760	94.21947042124789	0.04	21790.7232	0.52	283279.4016	0.07	38133.765600000006	0.39	212459.55120000002	2.89	1574379.7512	0.15	81715.212	0.63	343203.8904	1.08	588349.5264
RSS0001669_1																					
RSS0001669_2	47771690	3166523	6.628450867030243	44605167	93.37154913296976	0.07	33440.183000000005	0.53	253189.957	0.1	47771.69	0.49	234081.281	2.98	1423596.362	0.16	76434.704	0.95	453831.055	1.35	644917.8150000001
RSS0001670_1																					
RSS0001670_2	35769524	2387374	6.674324209626049	33382150	93.32567579037395	0.05	17884.762	0.54	193155.4296	0.08	28615.6192	0.44	157385.9056	3.42	1223317.7208	0.16	57231.2384	0.75	268271.43	1.22	436388.19279999996
RSS0001671_1																					
RSS0001671_2	38194082	2221441	5.816191628849726	35972641	94.18380837115028	0.03	11458.2246	0.49	187151.0018	0.05	19097.041	0.33	126040.4706	3.32	1268043.5224	0.12	45832.8984	0.51	194789.8182	0.95	362843.779
RSS0001672_1																					
RSS0001672_2	52646254	3427217	6.509897171411285	49219037	93.49010282858872	0.03	15793.876199999999	0.46	242172.7684	0.06	31587.752399999998	0.38	200055.7652	3.74	1968969.8996000001	0.15	78969.38100000001	0.62	326406.7748	1.07	563314.9178
RSS0001673_1																					
RSS0001673_2	44897464	2351565	5.237634357254565	42545899	94.76236564274544	0.04	17958.9856	0.55	246936.05200000003	0.06	26938.478399999996	0.36	161630.87039999999	2.57	1153864.8247999998	0.13	58366.703199999996	0.54	242446.30560000002	0.99	444484.89359999995
RSS0001674_1																					
RSS0001674_2	67984636	3053935	4.49209583176999	64930701	95.50790416823001	0.03	20395.390799999997	0.52	353520.10719999997	0.05	33992.318	0.32	217550.8352	2.18	1482065.0648	0.12	81581.56319999999	0.41	278737.00759999995	0.87	591466.3332
RSS0001675_1																					
RSS0001675_2	54794878	2692387	4.913574221298568	52102491	95.08642577870144	0.03	16438.463399999997	0.49	268494.9022	0.04	21917.9512	0.29	158905.1462	2.71	1484941.1938	0.11	60274.36580000001	0.41	224658.99979999996	0.83	454797.4874
RSS0001676_1																					
RSS0001676_2	53595570	2603290	4.857285779403036	50992280	95.14271422059697	0.02	10719.114000000001	0.51	273337.407	0.04	21438.228000000003	0.29	155427.153	2.64	1414923.048	0.11	58955.127	0.4	214382.28	0.83	444843.231
RSS0001677_1																					
RSS0001677_2	63402798	2974312	4.69113681702186	60428486	95.30886318297814	0.03	19020.839399999997	0.55	348715.389	0.05	31701.399	0.31	196548.6738	2.33	1477285.1934	0.11	69743.0778	0.45	285312.591	0.86	545264.0628
RSS0001678_1																					
RSS0001678_2	49178922	2714440	5.519519114306735	46464482	94.48048088569327	0.04	19671.5688	0.54	265566.1788	0.07	34425.24540000001	0.39	191797.79580000002	2.59	1273734.0798	0.14	68850.49080000001	0.67	329498.7774	1.09	536050.2498
RSS0001679_1																					
RSS0001679_2	44199258	2052110	4.642860746666833	42147148	95.35713925333317	0.04	17679.7032	0.56	247515.84480000005	0.06	26519.554799999998	0.38	167957.1804	1.85	817686.2730000002	0.14	61878.96120000001	0.57	251935.77059999996	1.04	459672.2832
RSS0001680_1																					
RSS0001680_2	76471448	6495132	8.493538660337647	69976316	91.50646133966235	0.08	61177.1584	0.49	374710.0952	0.14	107060.02720000001	0.62	474122.9776	4.04	3089446.4992	0.22	168237.1856	1.36	1040011.6928000001	1.56	1192954.5888
RSS0001681_1																					
RSS0001681_2	47798806	10323179	21.597148263494283	37475627	78.40285173650572	0.48	229434.2688	0.46	219874.50759999998	0.61	291572.7166	2.74	1309687.2844	2.79	1333586.6874000002	0.92	439749.01519999997	5.08	2428179.3448	8.51	4067678.3905999996
RSS0001682_1																					
RSS0001682_2	63976526	5665512	8.855610571915081	58311014	91.14438942808492	0.07	44783.56820000001	0.52	332677.9352	0.11	70374.1786	0.47	300689.6722	5.28	3377960.5728	0.17	108760.0942	0.99	633367.6074	1.24	793308.9223999999
RSS0001683_1																					
RSS0001683_2	61707470	3020098	4.89421783132577	58687372	95.10578216867424	0.03	18512.240999999998	0.48	296195.85599999997	0.05	30853.735	0.33	203634.651	2.47	1524174.5090000003	0.12	74048.96399999999	0.47	290025.10899999994	0.93	573879.471
RSS0001684_1																					
RSS0001684_2	56781288	2533543	4.4619329522782225	54247745	95.53806704772178	0.02	11356.2576	0.49	278228.3112	0.04	22712.5152	0.29	164665.7352	2.32	1317325.8816	0.11	62459.416800000006	0.4	227125.152	0.8	454250.304
RSS0001685_1																					
RSS0001685_2	50623558	2364651	4.671048605473365	48258907	95.32895139452664	0.02	10124.7116	0.49	248055.4342	0.04	20249.4232	0.28	141745.96240000002	2.56	1295963.0848	0.11	55685.9138	0.37	187307.16460000002	0.8	404988.46400000004
RSS0001686_1																					
RSS0001686_2	51652090	2526481	4.891343215734349	49125609	95.10865678426566	0.03	15495.626999999999	0.49	253095.24099999998	0.06	30991.253999999997	0.33	170451.897	2.35	1213824.115	0.12	61982.507999999994	0.57	294416.91299999994	0.94	485529.64599999995
RSS0001687_1																					
RSS0001687_2	47784040	2031292	4.250984219835744	45752748	95.74901578016426	0.03	14335.212	0.52	248477.008	0.04	19113.616	0.31	148130.524	1.92	917453.568	0.12	57340.848	0.44	210249.776	0.88	420499.552
RSS0001688_1																					
RSS0001688_2	51676346	2907483	5.626332403610735	48768863	94.37366759638927	0.03	15502.903799999998	0.53	273884.6338	0.07	36173.442200000005	0.39	201537.7494	2.73	1410764.2458000001	0.15	77514.519	0.66	341063.8836	1.06	547769.2676
RSS0001689_1																					
RSS0001689_2	54873258	2562247	4.669391053835367	52311011	95.33060894616463	0.03	16461.9774	0.52	285340.94159999996	0.05	27436.629	0.34	186569.0772	2.2	1207211.6760000002	0.12	65847.9096	0.49	268878.9642	0.92	504833.97359999997
RSS0001690_1																					
RSS0001690_2	70220172	3505596	4.992291958498763	66714576	95.00770804150123	0.03	21066.0516	0.5	351100.86	0.04	28088.0688	0.32	224704.5504	2.69	1888922.6268	0.12	84264.2064	0.41	287902.70519999997	0.89	624959.5308
RSS0001691_1																					
RSS0001691_2	63243528	2629552	4.1578199116279535	60613976	95.84218008837205	0.03	18973.058399999998	0.49	309893.28719999996	0.05	31621.764	0.35	221352.34799999997	1.69	1068815.6231999998	0.13	82216.5864	0.47	297244.5816	0.95	600813.516
RSS0001692_1																					
RSS0001692_2	62095390	3050054	4.911884763103992	59045336	95.08811523689602	0.03	18628.617	0.5	310476.95	0.05	31047.695	0.32	198705.24800000002	2.55	1583432.4449999998	0.12	74514.468	0.45	279429.255	0.89	552648.971
RSS0001693_1																					
RSS0001693_2	73462810	2884831	3.92692710774336	70577979	96.07307289225663	0.02	14692.562	0.51	374660.331	0.04	29385.124	0.31	227734.71099999998	1.65	1212136.365	0.12	88155.37199999999	0.38	279158.678	0.89	653819.009
RSS0001694_1																					
RSS0001694_2	49519302	2505455	5.059552333754624	47013847	94.94044766624538	0.03	14855.790599999998	0.51	252548.4402	0.05	24759.651	0.31	153509.8362	2.66	1317213.4332	0.12	59423.162399999994	0.48	237692.64959999998	0.9	445673.71800000005
RSS0001695_1																					
RSS0001695_2	46327004	2366024	5.107224287588293	43960980	94.8927757124117	0.04	18530.801600000003	0.54	250165.82160000002	0.07	32428.902800000003	0.37	171409.9148	2.29	1060888.3916	0.14	64857.80560000001	0.63	291860.1252	1.03	477168.1412
RSS0001696_1																					
RSS0001696_2	56818476	2680128	4.7170008572563615	54138348	95.28299914274363	0.04	22727.3904	0.5	284092.38	0.07	39772.93320000001	0.4	227273.904	1.85	1051141.806	0.15	85227.714	0.65	369320.09400000004	1.06	602275.8456
RSS0001697_1																					
RSS0001697_2	68260030	2849063	4.17383789605718	65410967	95.82616210394282	0.03	20478.009	0.48	327648.144	0.04	27304.012000000002	0.31	211606.093	1.91	1303766.5729999999	0.12	81912.036	0.42	286692.126	0.88	600688.2640000001
RSS0001698_1																					
RSS0001698_2	60786454	3257893	5.3595707359406095	57528561	94.64042926405939	0.06	36471.8724	0.49	297853.6246	0.09	54707.8086	0.48	291774.9792	2.02	1227886.3708	0.17	103336.97180000001	0.77	468055.6958	1.28	778066.6112
RSS0001699_1																					
RSS0001699_2	61381722	2527998	4.118486607462723	58853724	95.88151339253727	0.02	12276.3444	0.47	288494.09339999995	0.04	24552.6888	0.29	178006.9938	2.01	1233772.6121999999	0.11	67519.89420000001	0.36	220974.1992	0.81	497191.9482000001
RSS0001700_1																					
RSS0001700_2	73418916	5725317	7.798149730241182	67693599	92.20185026975882	0.06	44051.349599999994	0.53	389120.2548	0.11	80760.8076	0.47	345068.9051999999	4.29	3149671.4964	0.18	132154.0488	0.91	668112.1356	1.26	925078.3416
RSS0001701_1																					
RSS0001701_2	56444642	4291736	7.603442679289205	52152906	92.3965573207108	0.11	62089.1062	0.51	287867.6742	0.17	95955.89140000001	0.8	451557.136	2.09	1179693.0177999998	0.24	135467.1408	1.59	897469.8078000001	2.09	1179693.0177999998
RSS0001702_1																					
RSS0001702_2	60116904	3955442	6.579583672505823	56161462	93.42041632749418	0.07	42081.832800000004	0.55	330642.972	0.12	72140.2848	0.51	306596.21040000004	2.73	1641191.4792000002	0.18	108210.42719999999	1.09	655274.2536	1.33	799554.8232000001
RSS0001703_1																					
RSS0001703_2	47271182	2242989	4.744939527850182	45028193	95.25506047214982	0.03	14181.354599999999	0.52	245810.1464	0.05	23635.591	0.33	155994.9006	2.31	1091964.3042	0.12	56725.418399999995	0.48	226901.67359999998	0.91	430167.7562
RSS0001704_1																					
RSS0001704_2	61756036	3228079	5.227147351232194	58527957	94.77285264876781	0.03	18526.8108	0.5	308780.18	0.06	37053.6216	0.37	228497.33320000002	2.58	1593305.7288	0.14	86458.45040000002	0.56	345833.80160000006	1.0	617560.36
RSS0001706_1																					
RSS0001706_2	63478024	3890090	6.128246840197798	59587934	93.87175315980221	0.04	25391.209600000002	0.51	323737.92240000004	0.06	38086.814399999996	0.36	228520.8864	3.44	2183644.0256	0.13	82521.43119999999	0.62	393563.7488	0.97	615736.8328
RSS0001707_1																					
RSS0001707_2	66205298	4430569	6.692166841390851	61774729	93.30783315860916	0.05	33102.649	0.5	331026.49	0.09	59584.7682	0.43	284682.7814	3.5	2317185.43	0.17	112549.00660000001	0.76	503160.2648	1.2	794463.576
RSS0001708_1																					
RSS0001708_2	75511706	7946110	10.523017451095596	67565596	89.4769825489044	0.11	83062.8766	0.47	354905.01819999993	0.18	135921.0708	0.65	490826.08900000004	5.54	4183348.5124	0.24	181228.09439999997	1.58	1193084.9548000002	1.75	1321454.8550000002
RSS0001709_1																					
RSS0001709_2	62716730	2856453	4.554531143444501	59860277	95.44546885655551	0.03	18815.018999999997	0.48	301040.30399999995	0.05	31358.365	0.34	213236.882	2.17	1360953.041	0.13	81531.749	0.45	282225.28500000003	0.93	583265.589
RSS0001710_1																					
RSS0001710_2	57418406	3261234	5.679771047632356	54157172	94.32022895236764	0.06	34451.0436	0.49	281350.1894	0.09	51676.5654	0.46	264124.6676	2.33	1337848.8598	0.17	97611.2902	0.81	465089.0886000001	1.27	729213.7562
RSS0001711_1																					
RSS0001711_2	62156962	2989169	4.809065475239926	59167793	95.19093452476007	0.04	24862.7848	0.48	298353.4176	0.06	37294.1772	0.38	236196.4556	2.11	1311511.8982	0.14	87019.74680000001	0.59	366726.0758	1.01	627785.3162
RSS0001712_1																					
RSS0001712_2	64389560	5247562	8.149709362822172	59141998	91.85029063717782	0.07	45072.69200000001	0.47	302630.932	0.11	70828.516	0.51	328386.75600000005	4.34	2794506.904	0.19	122340.164	1.07	688968.2920000001	1.4	901453.8399999999
RSS0001713_1																					
RSS0001713_2	68818970	5429524	7.889574633273355	63389446	92.11042536672664	0.11	75700.867	0.5	344094.85000000003	0.17	116992.24900000001	0.77	529906.069	2.67	1837466.4989999998	0.25	172047.42500000002	1.5	1032284.5499999999	1.92	1321324.224
RSS0001714_1																					
RSS0001714_2	68762360	3479877	5.060729445586219	65282483	94.93927055441378	0.04	27504.944	0.52	357564.272	0.07	48133.65200000001	0.39	268173.204	2.25	1547153.0999999999	0.14	96267.30400000002	0.6	412574.16000000003	1.06	728881.016
RSS0001717_1																					
RSS0001717_2	65261190	2613336	4.004425907648941	62647854	95.99557409235105	0.03	19578.357	0.46	300201.474	0.05	32630.595	0.35	228414.16499999998	1.59	1037652.9210000001	0.12	78313.428	0.46	300201.474	0.95	619981.3049999999
RSS0001718_1																					
RSS0001718_2	66031930	3393503	5.139184936741968	62638427	94.86081506325803	0.04	26412.772	0.51	336762.84300000005	0.07	46222.35100000001	0.39	257524.52700000003	2.26	1492321.618	0.15	99047.895	0.64	422604.352	1.09	719748.037
RSS0001719_1																					
RSS0001719_2	55697754	2835171	5.090278864745605	52862583	94.9097211352544	0.04	22279.1016	0.48	267349.2192	0.07	38988.427800000005	0.4	222791.016	2.24	1247629.6896000002	0.14	77976.85560000001	0.65	362035.401	1.07	595965.9678000001
RSS0001720_1																					
RSS0001720_2	53649274	2451242	4.569012434352793	51198032	95.4309875656472	0.03	16094.782199999998	0.48	257516.51519999997	0.05	26824.637	0.36	193137.3864	2.0	1072985.48	0.13	69744.05619999999	0.55	295071.00700000004	0.96	515033.03039999993
RSS0001721_1																					
RSS0001721_2	53586720	2735051	5.1039716556639405	50851669	94.89602834433606	0.04	21434.688000000002	0.52	278650.94399999996	0.06	32152.031999999996	0.39	208988.208	2.33	1248570.5760000001	0.14	75021.40800000001	0.58	310802.97599999997	1.04	557301.8879999999
RSS0001722_1																					
RSS0001722_2	65387966	3090709	4.726724486276266	62297257	95.27327551372373	0.03	19616.389799999997	0.5	326939.83	0.06	39232.779599999994	0.37	241935.4742	2.1	1373147.286	0.13	85004.35579999999	0.53	346556.2198	1.01	660418.4565999999
RSS0001723_1																					
RSS0001723_2	61221290	24412362	39.87560863222582	36808928	60.12439136777419	0.66	404060.514	0.32	195908.128	1.12	685678.4480000001	4.96	3036575.9839999997	10.47	6409869.063	1.34	820365.2860000001	9.28	5681335.711999999	11.72	7175135.188000001
RSS0001724_1																					
RSS0001724_2	81370774	8430112	10.360122665172142	72940662	89.63987733482786	0.13	105782.00619999999	0.47	382442.63779999997	0.22	179015.7028	0.79	642829.1146000001	4.58	3726781.4492	0.26	211564.01239999998	1.92	1562318.8608	1.99	1619278.4026000001
RSS0001725_1																					
RSS0001725_2	64451422	2945106	4.569497318461027	61506316	95.43050268153898	0.04	25780.5688	0.48	309366.8256	0.07	45115.99540000001	0.4	257805.688	1.71	1102119.3162	0.14	90231.99080000001	0.65	418934.243	1.08	696075.3576
RSS0001726_1																					
RSS0001726_2	51939244	2203538	4.242529983686324	49735706	95.75747001631368	0.04	20775.6976	0.48	249308.37119999997	0.06	31163.546399999996	0.39	202563.0516	1.51	784282.5844	0.15	77908.866	0.59	306441.5396	1.02	529780.2888
RSS0001727_1																					
RSS0001727_2	60467072	2323347	3.842334221177437	58143725	96.15766577882256	0.03	18140.1216	0.48	290241.9456	0.06	36280.2432	0.34	205588.0448	1.33	804212.0576000001	0.13	78607.1936	0.54	326522.1888	0.94	568390.4768
RSS0001728_1																					
RSS0001728_2	54087326	2335934	4.318819532694222	51751392	95.68118046730578	0.03	16226.197799999998	0.47	254210.43219999995	0.05	27043.663	0.35	189305.64099999997	1.85	1000615.5310000002	0.13	70313.5238	0.48	259619.16479999997	0.96	519238.32959999994
RSS0001729_1																					
RSS0001729_2	69368618	5597850	8.069715328623097	63770768	91.93028467137691	0.08	55494.894400000005	0.5	346843.09	0.14	97116.06520000001	0.64	443959.15520000004	3.56	2469522.8008	0.22	152610.9596	1.23	853234.0014000001	1.7	1179266.506
RSS0001730_1																					
RSS0001730_2	93355970	12300544	13.17595864517288	81055426	86.82404135482712	0.22	205383.13400000002	0.46	429437.462	0.37	345417.08900000004	1.11	1036251.267	4.77	4453079.768999999	0.35	326745.89499999996	3.09	2884699.4729999998	2.81	2623302.757
RSS0001731_1																					
RSS0001731_2	58202380	3088331	5.306193664245345	55114049	94.69380633575466	0.05	29101.190000000002	0.52	302652.376	0.08	46561.904	0.46	267730.948	2.09	1216429.7419999999	0.17	98944.046	0.74	430697.612	1.2	698428.56
RSS0001732_1																					
RSS0001732_2	79790676	10517432	13.18127947681506	69273244	86.81872052318495	0.18	143623.2168	0.48	382995.2448	0.29	231392.96039999998	1.29	1029299.7204	4.77	3806015.2451999993	0.42	335120.8392	2.42	1930934.3591999998	3.34	2665008.5784
RSS0001733_1																					
RSS0001733_2	63661290	2849891	4.476646640368111	60811399	95.5233533596319	0.03	19098.387	0.49	311940.321	0.06	38196.774	0.35	222814.51499999998	1.96	1247761.284	0.13	82759.677	0.53	337404.837	0.94	598416.1259999999
RSS0001734_1																					
RSS0001734_2	57335414	2688023	4.688242069726749	54647391	95.31175793027326	0.04	22934.1656	0.48	275209.9872	0.07	40134.789800000006	0.4	229341.65600000002	1.88	1077905.7832	0.15	86003.121	0.62	355479.5668	1.05	602021.8470000001
RSS0001735_1																					
RSS0001735_2	58656276	2505585	4.271640088436572	56150691	95.72835991156343	0.04	23462.510400000003	0.49	287415.7524	0.06	35193.7656	0.37	217028.2212	1.64	961962.9263999999	0.13	76253.15879999999	0.56	328475.14560000005	0.99	580697.1324
RSS0001736_1																					
RSS0001736_2	51802168	2699187	5.210567634929874	49102981	94.78943236507013	0.04	20720.8672	0.52	269371.2736	0.07	36261.51760000001	0.42	217569.10559999998	2.23	1155188.3464	0.16	82883.4688	0.63	326353.6584	1.14	590544.7152
RSS0001737_1																					
RSS0001737_2	63302864	3274775	5.173186161055841	60028089	94.82681383894416	0.05	31651.432	0.5	316514.32	0.09	56972.5776	0.51	322844.60640000005	1.76	1114130.4064	0.18	113945.1552	0.79	500092.6256	1.29	816606.9456
RSS0001738_1																					
RSS0001738_2	67326432	3162510	4.697278477493059	64163922	95.30272152250694	0.05	33663.216	0.51	343364.8032	0.08	53861.1456	0.43	289503.6576	1.61	1083955.5552	0.15	100989.648	0.72	484750.31039999996	1.14	767521.3248
RSS0001739_1																					
RSS0001739_2	62329592	3948673	6.335149763213595	58380919	93.6648502367864	0.05	31164.796000000002	0.49	305415.0008	0.09	56096.6328	0.46	286716.1232	3.08	1919751.4336	0.17	105960.3064	0.78	486170.8176	1.22	760421.0223999999
RSS0001740_1																					
RSS0001740_2	55720402	3326066	5.969206754825638	52394336	94.03079324517437	0.07	39004.28140000001	0.52	289746.0904	0.11	61292.442200000005	0.64	356610.5728	1.86	1036399.4772000001	0.21	117012.84419999999	0.96	534915.8592	1.6	891526.432
RSS0001741_1																					
RSS0001741_2	62796822	2720073	4.3315456314015375	60076749	95.66845436859846	0.04	25118.7288	0.49	307704.4278	0.06	37678.093199999996	0.39	244907.60580000002	1.61	1011028.8341999999	0.14	87915.55080000001	0.57	357941.88539999997	1.04	653086.9488
RSS0001742_1																					
RSS0001742_2	55206700	2512575	4.551213892516669	52694125	95.44878610748333	0.04	22082.68	0.5	276033.5	0.07	38644.69	0.41	226347.46999999997	1.65	910910.55	0.15	82810.05	0.64	353322.88	1.09	601753.03
RSS0001743_1																					
RSS0001743_2	56062000	2200499	3.9251168349327528	53861501	96.07488316506725	0.03	16818.6	0.46	257885.19999999998	0.05	28031.0	0.34	190610.80000000002	1.51	846536.2000000001	0.12	67274.4	0.49	274703.8	0.91	510164.2
RSS0001744_1																					
RSS0001744_2	54125554	2427169	4.484331005646612	51698385	95.51566899435339	0.02	10825.1108	0.48	259802.65919999997	0.03	16237.666199999998	0.26	140726.4404	2.47	1336901.1838000002	0.12	64950.66479999999	0.36	194851.9944	0.75	405941.65499999997
RSS0001745_1																					
RSS0001745_2	70663142	9967084	14.105067674460328	60696058	85.89493232553967	0.22	155458.9124	0.46	325050.4532	0.39	275586.2538	1.45	1024615.5589999999	4.08	2883056.1936000003	0.46	325050.4532	3.41	2409613.1421999997	3.62	2558005.7404
RSS0001746_1																					
RSS0001746_2	39382776	2265569	5.752689957660679	37117207	94.24731004233932	0.06	23629.665599999997	0.52	204790.43519999998	0.1	39382.776	0.52	204790.43519999998	2.12	834914.8512	0.18	70888.9968	0.87	342630.15119999996	1.37	539544.0312
RSS0001747_1																					
RSS0001747_2	101303010	19659573	19.40670173571348	81643437	80.59329826428652	0.29	293778.729	0.4	405212.04000000004	0.46	465993.846	1.56	1580326.956	8.15	8256195.315	0.48	486254.448	4.19	4244596.119000001	3.87	3920426.4869999997
RSS0001748_1																					
RSS0001748_2	69811074	5436773	7.787837499821304	64374301	92.21216250017869	0.09	62829.9666	0.48	335093.1552	0.15	104716.611	0.67	467734.1958	3.13	2185086.6162	0.22	153584.3628	1.32	921506.1768	1.73	1207731.5802
RSS0001749_1																					
RSS0001749_2	71690392	5589878	7.797248479266232	66100514	92.20275152073377	0.08	57352.3136	0.46	329775.80319999997	0.14	100366.54880000002	0.65	465987.54800000007	3.32	2380121.0144	0.22	157718.8624	1.25	896129.9	1.68	1204398.5855999999
RSS0001750_1																					
RSS0001750_2	45117412	3768221	8.352032691946071	41349191	91.64796730805392	0.1	45117.412000000004	0.49	221075.31879999998	0.17	76699.60040000001	0.79	356427.55480000004	2.9	1308404.9479999999	0.26	117305.27119999999	1.58	712855.1096000001	2.07	933930.4284
RSS0001751_1																					
RSS0001751_2	63397894	5344198	8.429614396970347	58053696	91.57038560302966	0.13	82417.2622	0.42	266271.15479999996	0.21	133135.57739999998	1.0	633978.9400000001	1.84	1166521.2496	0.28	177514.1032	2.05	1299656.8269999998	2.51	1591287.1393999998
RSS0001752_1																					
RSS0001752_2	91794916	4908309	5.347037955783956	86886607	94.65296204421604	0.02	18358.983200000002	0.41	376359.15559999994	0.03	27538.474799999996	0.26	238666.7816	3.34	3065950.1944	0.12	110153.89919999999	0.37	339641.1892	0.79	725179.8364
RSS0001753_1																					
RSS0001753_2	61574394	3161237	5.134012362346595	58413157	94.8659876376534	0.03	18472.318199999998	0.5	307871.97000000003	0.04	24629.7576	0.31	190880.6214	2.82	1736397.9108	0.12	73889.27279999999	0.43	264769.8942	0.88	541854.6672
RSS0001754_1																					
RSS0001754_2	60352968	3705048	6.138965692623435	56647920	93.86103430737657	0.04	24141.1872	0.52	313835.4336	0.06	36211.7808	0.37	223305.9816	3.43	2070106.8024000002	0.14	84494.15520000001	0.56	337976.62080000003	1.02	615600.2736000001
RSS0001755_1																					
RSS0001755_2	47717518	2341391	4.90677448898327	45376127	95.09322551101673	0.03	14315.255399999998	0.54	257674.59720000002	0.05	23858.759000000002	0.35	167011.313	2.34	1116589.9211999997	0.13	62032.7734	0.48	229044.08639999997	0.98	467631.6764
RSS0001756_1																					
RSS0001756_2	42155160	2234530	5.300727123322506	39920630	94.6992728766775	0.03	12646.547999999999	0.58	244499.92799999999	0.05	21077.58	0.33	139112.028	2.8	1180344.48	0.13	54801.708	0.45	189698.22000000003	0.93	392042.988
RSS0001757_1																					
RSS0001757_2	49583166	3137127	6.327000175825804	46446039	93.6729998241742	0.06	29749.899599999997	0.54	267749.09640000004	0.11	54541.4826	0.5	247915.83000000002	2.67	1323870.5322	0.18	89249.6988	0.89	441290.1774	1.37	679289.3742
RSS0001758_1																					
RSS0001758_2	56459380	3487211	6.176495384823567	52972169	93.82350461517643	0.05	28229.690000000002	0.5	282296.9	0.08	45167.504	0.43	242775.334	3.05	1722011.0899999999	0.16	90335.008	0.72	406507.53599999996	1.19	671866.622
RSS0001759_1																					
RSS0001759_2	50956396	3465897	6.801691783696791	47490499	93.1983082163032	0.07	35669.47720000001	0.55	280260.178	0.11	56052.0356	0.52	264973.2592	2.94	1498118.0424	0.19	96817.1524	0.92	468798.8432	1.5	764345.94
RSS0001760_1																					
RSS0001760_2	74016418	6655206	8.991526717761458	67361212	91.00847328223854	0.03	22204.925399999996	0.4	296065.672	0.06	44409.85079999999	0.37	273860.7466	6.27	4640829.4086	0.16	118426.2688	0.62	458901.7916	1.08	799377.3144
RSS0001761_1																					
RSS0001761_2	46654494	2745525	5.8848028659361304	43908969	94.11519713406386	0.03	13996.348199999999	0.56	261265.16640000005	0.06	27992.696399999997	0.36	167956.1784	3.23	1506940.1562	0.14	65316.29160000001	0.52	242603.3688	0.98	457214.0412
RSS0001762_1																					
RSS0001762_2	56332710	3221433	5.718583394976028	53111277	94.28141660502398	0.04	22533.084000000003	0.48	270397.008	0.06	33799.626	0.37	208431.027	3.03	1706881.113	0.14	78865.79400000001	0.57	321096.447	1.02	574593.642
RSS0001763_1																					
RSS0001763_2	55436316	3461552	6.244195591929305	51974764	93.7558044080707	0.03	16630.8948	0.49	271637.9484	0.04	22174.526400000002	0.31	171852.5796	3.94	2184190.8504	0.13	72067.2108	0.42	232832.52719999998	0.89	493383.2124
RSS0001764_1																					
RSS0001764_2	50107632	3428679	6.842628284649333	46678953	93.15737171535066	0.07	35075.34240000001	0.56	280602.73920000007	0.1	50107.632	0.56	280602.73920000007	2.96	1483185.9072	0.19	95204.5008	0.9	450968.688	1.5	751614.48
RSS0001765_1																					
RSS0001765_2	47945192	3139654	6.548423041042363	44805538	93.45157695895765	0.07	33561.6344	0.58	278082.1136	0.12	57534.23039999999	0.58	278082.1136	2.46	1179451.7232000001	0.2	95890.384	1.0	479451.92	1.54	738355.9568
RSS0001766_1																					
RSS0001766_2	47112906	2680034	5.688534687289296	44432872	94.31146531271071	0.06	28267.743599999998	0.58	273254.8548	0.1	47112.906	0.51	240275.8206	1.91	899856.5046	0.19	89514.5214	0.85	400459.701	1.5	706693.59
RSS0001767_1																					
RSS0001767_2	54002332	3254416	6.026436043539749	50747916	93.97356395646025	0.07	37801.6324	0.51	275411.8932	0.11	59402.565200000005	0.53	286212.3596	2.29	1236653.4028	0.19	102604.4308	0.86	464420.0552	1.47	793834.2803999999
RSS0001768_1																					
RSS0001768_2	61801602	6071683	9.824475100176205	55729919	90.17552489982378	0.06	37080.9612	0.51	315188.17020000005	0.11	67981.7622	0.54	333728.6508	6.01	3714276.2802	0.2	123603.204	1.0	618016.02	1.4	865222.428
RSS0001769_1																					
RSS0001769_2	54806378	2852353	5.204417996752129	51954025	94.79558200324787	0.03	16441.913399999998	0.51	279512.52780000004	0.05	27403.189000000002	0.37	202783.5986	2.62	1435927.1036	0.13	71248.2914	0.5	274031.89	0.99	542583.1422
RSS0001770_1																					
RSS0001770_2	54636520	2613520	4.783467175435039	52023000	95.21653282456496	0.03	16390.956	0.51	278646.25200000004	0.05	27318.260000000002	0.34	185764.168	2.34	1278494.5679999997	0.13	71027.476	0.46	251327.992	0.93	508119.63600000006
RSS0001771_1																					
RSS0001771_2	55964044	2443284	4.365810304916493	53520760	95.6341896950835	0.03	16789.2132	0.5	279820.22000000003	0.05	27982.022	0.33	184681.3452	1.96	1096895.2624	0.13	72753.2572	0.45	251838.19800000003	0.92	514869.2048
RSS0001772_1																					
RSS0001772_2	52578616	2886185	5.4892753358133275	49692431	94.51072466418667	0.03	15773.584799999999	0.51	268150.9416	0.05	26289.308	0.33	173509.4328	3.07	1614163.5111999998	0.13	68352.20079999999	0.43	226088.0488	0.94	494238.99039999995
RSS0001773_1																					
RSS0001773_2	59409948	2843069	4.785509995733374	56566879	95.21449000426662	0.02	11881.9896	0.47	279226.7556	0.04	23763.9792	0.3	178229.844	2.62	1556540.6376	0.11	65350.942800000004	0.38	225757.8024	0.84	499043.5632
RSS0001774_1																					
RSS0001774_2	44511110	2514459	5.6490593022730735	41996651	94.35094069772693	0.03	13353.332999999999	0.55	244811.105	0.06	26706.665999999997	0.38	169142.218	2.89	1286371.0790000001	0.14	62315.55400000001	0.55	244811.105	1.05	467366.655
RSS0001775_1																					
RSS0001775_2	39642528	1654737	4.174146008044693	37987791	95.8258539919553	0.03	11892.758399999999	0.56	221998.15680000003	0.05	19821.264	0.33	130820.3424	1.72	681851.4816	0.12	47571.033599999995	0.46	182355.6288	0.91	360747.0048
RSS0001776_1																					
RSS0001776_2	60059374	3372432	5.615163421450247	56686942	94.38483657854975	0.04	24023.749600000003	0.49	294290.9326	0.08	48047.499200000006	0.45	270267.183	2.44	1465448.7255999998	0.17	102100.9358	0.75	450445.305	1.2	720712.488
RSS0001777_1																					
RSS0001777_2	61851502	2654315	4.291431758601432	59197187	95.70856824139857	0.02	12370.3004	0.51	315442.66020000004	0.04	24740.6008	0.31	191739.6562	2.01	1243215.1901999998	0.12	74221.8024	0.41	253591.15819999998	0.87	538108.0673999999
RSS0001778_1																					
RSS0001778_2	51486538	2649417	5.14584414279321	48837121	94.85415585720679	0.03	15445.961399999998	0.51	262581.34380000003	0.05	25743.269	0.33	169905.5754	2.71	1395285.1798	0.13	66932.4994	0.46	236838.0748	0.93	478824.80340000003
RSS0001779_1																					
RSS0001779_2	62900316	3302349	5.250131016829868	59597967	94.74986898317013	0.03	18870.0948	0.48	301921.5168	0.05	31450.158	0.36	226441.1376	2.68	1685728.4688000001	0.14	88060.44240000001	0.49	308211.54839999997	1.02	641583.2232
RSS0001780_1																					
RSS0001780_2	53163408	2520108	4.740305587632757	50643300	95.25969441236725	0.02	10632.6816	0.49	260500.6992	0.04	21265.3632	0.29	154173.88319999998	2.56	1360983.2448	0.12	63796.08959999999	0.38	202020.9504	0.84	446572.6272
RSS0001781_1																					
RSS0001781_2	53674556	2297282	4.2800204998435385	51377274	95.71997950015646	0.02	10734.9112	0.5	268372.78	0.04	21469.8224	0.32	171758.5792	1.97	1057388.7532	0.12	64409.46719999999	0.41	220065.67959999997	0.89	477703.54839999997
RSS0001782_1																					
RSS0001782_2	60789028	2552233	4.1985093099366555	58236795	95.80149069006335	0.03	18236.7084	0.49	297866.2372	0.05	30394.514	0.33	200603.7924	1.8	1094202.5040000002	0.12	72946.8336	0.49	297866.2372	0.9	547101.2520000001
RSS0001783_1																					
RSS0001783_2	60307828	2855442	4.734778377360896	57452386	95.2652216226391	0.03	18092.3484	0.48	289477.5744	0.05	30153.914	0.33	199015.83239999998	2.33	1405172.3924	0.12	72369.3936	0.48	289477.5744	0.91	548801.2348
RSS0001784_1																					
RSS0001784_2	68417184	3745199	5.4740618964966465	64671985	94.52593810350335	0.04	27366.873600000003	0.49	335244.2016	0.07	47892.02880000001	0.4	273668.73600000003	2.62	1792530.2208	0.15	102625.776	0.64	437869.97760000004	1.06	725222.1504
RSS0001785_1																					
RSS0001785_2	65715062	3214733	4.891927211451159	62500329	95.10807278854884	0.03	19714.5186	0.52	341718.3224	0.05	32857.531	0.31	203716.6922	2.55	1675734.081	0.12	78858.0744	0.43	282574.7666	0.88	578292.5456000001
RSS0001786_1																					
RSS0001786_2	66817210	2687457	4.022102988137338	64129753	95.97789701186267	0.02	13363.442000000001	0.49	327404.32899999997	0.04	26726.884000000002	0.27	180406.467	1.97	1316299.037	0.11	73498.93100000001	0.37	247223.67700000003	0.76	507810.796
RSS0001787_1																					
RSS0001787_2	55336876	2712525	4.90183977859538	52624351	95.09816022140461	0.02	11067.3752	0.47	260083.31719999996	0.04	22134.7504	0.29	160476.9404	2.75	1521764.09	0.11	60870.5636	0.39	215813.8164	0.83	459296.0708
RSS0001788_1																					
RSS0001788_2	64891148	2882375	4.4418616234066315	62008773	95.55813837659338	0.02	12978.2296	0.48	311477.51039999997	0.04	25956.4592	0.28	181695.21440000003	2.35	1524941.9780000001	0.11	71380.26280000001	0.37	240097.2476	0.79	512640.0692
RSS0001789_1																					
RSS0001789_2	53024050	3458558	6.522621338807578	49565492	93.47737866119242	0.08	42419.240000000005	0.5	265120.25	0.12	63628.85999999999	0.57	302237.08499999996	2.42	1283182.01	0.18	95443.29	1.14	604474.1699999999	1.51	800663.155
RSS0001790_1																					
RSS0001790_2	61728776	3122352	5.058179024965601	58606424	94.9418209750344	0.04	24691.510400000003	0.48	296298.1248	0.06	37037.2656	0.36	222223.5936	2.43	1500009.2568	0.13	80247.40879999999	0.58	358026.9008	0.98	604942.0048
RSS0001791_1																					
RSS0001791_2	58997220	3212857	5.445776936608199	55784363	94.5542230633918	0.04	23598.888000000003	0.51	300885.82200000004	0.07	41298.054000000004	0.39	230089.15800000002	2.62	1545727.164	0.15	88495.83	0.6	353983.32	1.07	631270.2540000001
RSS0001792_1																					
RSS0001792_2	53837444	2980484	5.536080056103704	50856960	94.4639199438963	0.04	21534.977600000002	0.48	258419.73119999998	0.07	37686.21080000001	0.41	220733.52039999998	2.54	1367471.0776	0.15	80756.166	0.69	371478.3636	1.14	613746.8616
RSS0001793_1																					
RSS0001793_2	65708502	2964344	4.5113553189814	62744158	95.4886446810186	0.03	19712.5506	0.5	328542.51	0.05	32854.251000000004	0.33	216838.0566	2.12	1393020.2424	0.13	85421.0526	0.44	289117.40880000003	0.92	604518.2184
RSS0001794_1																					
RSS0001794_2	63411154	2658983	4.193241775729235	60752171	95.80675822427077	0.02	12682.230800000001	0.51	323396.8854	0.04	25364.461600000002	0.31	196574.57739999998	1.88	1192129.6951999997	0.12	76093.3848	0.42	266326.8468	0.88	558018.1552
RSS0001795_1																					
RSS0001795_2	61832052	2515861	4.068862214050409	59316191	95.93113778594959	0.03	18549.615599999997	0.5	309160.26	0.05	30916.026	0.33	204045.7716	1.68	1038778.4735999999	0.13	80381.6676	0.44	272061.02880000003	0.91	562671.6732000001
RSS0001796_1																					
RSS0001796_2	57596740	2391078	4.151412041723194	55205662	95.84858795827681	0.02	11519.348	0.49	282224.026	0.04	23038.696	0.29	167030.546	2.0	1151934.8	0.12	69116.08799999999	0.38	218867.612	0.82	472293.2679999999
RSS0001797_1																					
RSS0001797_2	53495522	5031762	9.40594990361997	48463760	90.59405009638003	0.15	80243.283	0.48	256778.50559999997	0.24	128389.25279999999	1.11	593800.2942	2.05	1096658.201	0.32	171185.6704	2.16	1155503.2752	2.89	1546020.5858
RSS0001798_1																					
RSS0001798_2	45769504	2480886	5.420390834910512	43288618	94.57960916508948	0.04	18307.801600000003	0.56	256309.22240000003	0.08	36615.603200000005	0.41	187654.96639999998	2.46	1125929.7984	0.14	64077.30560000001	0.64	292924.82560000004	1.1	503464.54400000005
RSS0001799_1																					
RSS0001799_2	46820202	2506678	5.353838499030824	44313524	94.64616150096917	0.04	18728.0808	0.56	262193.13120000006	0.06	28092.121199999998	0.37	173234.74740000002	2.59	1212643.2318	0.14	65548.28280000002	0.58	271557.1716	1.02	477566.0604
RSS0001800_1																					
RSS0001800_2	58045184	3212069	5.533739026479785	54833115	94.4662609735202	0.04	23218.0736	0.47	272812.3648	0.07	40631.628800000006	0.42	243789.77279999998	2.58	1497565.7472	0.15	87067.776	0.65	377293.69600000005	1.15	667519.616
RSS0001801_1																					
RSS0001801_2	70231830	3063275	4.361661941601123	67168555	95.63833805839887	0.03	21069.549	0.51	358182.33300000004	0.05	35115.915	0.35	245811.40499999997	1.9	1334404.77	0.13	91301.379	0.46	323066.418	0.94	660179.2019999999
RSS0001802_1																					
RSS0001802_2	67119798	3513487	5.234650735987018	63606311	94.76534926401298	0.03	20135.9394	0.49	328887.01019999996	0.05	33559.899	0.37	248343.2526	2.64	1771962.6672	0.13	87255.7374	0.5	335598.99	1.01	677909.9598
RSS0001803_1																					
RSS0001803_2	62338424	3123510	5.01056940419283	59214914	94.98943059580716	0.03	18701.527199999997	0.49	305458.2776	0.05	31169.212	0.35	218184.48399999997	2.55	1589629.812	0.13	81039.9512	0.48	299224.43519999995	0.93	579747.3432
RSS0001804_1																					
RSS0001804_2	63670840	2568481	4.033998923211944	61102359	95.96600107678806	0.02	12734.168000000001	0.49	311987.116	0.04	25468.336000000003	0.31	197379.604	1.77	1126973.868	0.12	76405.00799999999	0.42	267417.528	0.86	547569.224
RSS0001805_1																					
RSS0001805_2	71627362	4864130	6.790882512188569	66763232	93.20911748781143	0.05	35813.681000000004	0.44	315160.39280000003	0.09	64464.6258	0.56	401113.2272000001	3.07	2198960.0134	0.2	143254.72400000002	0.86	615995.3132	1.52	1088735.9024
RSS0001806_1																					
RSS0001806_2	57615250	3255276	5.650024949991539	54359974	94.34997505000847	0.06	34569.149999999994	0.46	265030.15	0.09	51853.725	0.49	282314.725	2.32	1336673.7999999998	0.17	97945.925	0.77	443637.425	1.29	743236.725
RSS0001807_1																					
RSS0001807_2	49688614	2320995	4.671080179455197	47367619	95.3289198205448	0.03	14906.5842	0.52	258380.7928	0.05	24844.307	0.34	168941.2876	2.19	1088180.6465999999	0.13	64595.1982	0.48	238505.3472	0.94	467072.97159999993
RSS0001808_1																					
RSS0001808_2	46722626	2132339	4.563825243897892	44590287	95.4361747561021	0.04	18689.0504	0.51	238285.39260000002	0.06	28033.575599999996	0.37	172873.7162	1.91	892402.1566	0.14	65411.67640000001	0.55	256974.44300000003	0.99	462553.99739999993
RSS0001809_1																					
RSS0001809_2	66510240	3056795	4.5959764992578584	63453445	95.40402350074214	0.03	19953.071999999996	0.52	345853.24799999996	0.06	39906.14399999999	0.35	232785.83999999997	1.98	1316902.7519999999	0.13	86463.31199999999	0.54	359155.29600000003	0.98	651800.352
RSS0001810_1																					
RSS0001810_2	63020928	3298237	5.233558287177238	59722691	94.76644171282275	0.05	31510.464	0.54	340313.0112	0.07	44114.649600000004	0.44	277292.0832	2.1	1323439.4880000001	0.16	100833.4848	0.67	422240.21760000003	1.2	756251.136
RSS0001811_1																					
RSS0001811_2	66602916	3006545	4.514134185956663	63596371	95.48586581404334	0.03	19980.874799999998	0.54	359655.7464	0.06	39961.749599999996	0.35	233110.20599999998	1.97	1312077.4452	0.13	86583.7908	0.51	339674.8716	0.93	619407.1188
RSS0001812_1																					
RSS0001812_2	75136598	3029929	4.032560803458256	72106669	95.96743919654175	0.03	22540.979399999997	0.51	383196.6498	0.05	37568.299	0.31	232923.4538	1.66	1247267.5268	0.12	90163.91759999999	0.46	345628.3508	0.88	661202.0624
RSS0001813_1																					
RSS0001813_2	57662648	2392341	4.14885733308675	55270307	95.85114266691325	0.02	11532.5296	0.5	288313.24	0.04	23065.0592	0.27	155689.1496	2.06	1187850.5488	0.11	63428.912800000006	0.39	224884.32720000003	0.76	438236.1248
RSS0001814_1																					
RSS0001814_2	63152432	2748603	4.352331197633054	60403829	95.64766880236695	0.03	18945.7296	0.5	315762.16000000003	0.05	31576.216	0.31	195772.5392	2.06	1300940.0992	0.12	75782.9184	0.45	284185.944	0.85	536795.672
RSS0001815_1																					
RSS0001815_2	49998012	2014148	4.028456171417376	47983864	95.97154382858263	0.03	14999.403599999998	0.57	284988.66839999997	0.04	19999.2048	0.3	149994.036	1.68	839966.6015999999	0.12	59997.61439999999	0.44	219991.25280000002	0.86	429982.9032
RSS0001816_1																					
RSS0001816_2	51369256	5419008	10.54912689410958	45950248	89.45087310589042	0.19	97601.5864	0.53	272257.0568	0.28	143833.9168	1.49	765401.9144	1.52	780812.6912	0.47	241435.50319999998	2.37	1217451.3672000002	3.7	1900662.4720000003
RSS0001817_1																					
RSS0001817_2	57043350	2344878	4.110694761089592	54698472	95.88930523891041	0.03	17113.004999999997	0.49	279512.415	0.04	22817.34	0.31	176834.38499999998	1.8	1026780.3000000002	0.12	68452.01999999999	0.45	256695.07500000004	0.86	490572.81
RSS0001819_1																					
RSS0001819_2	67938646	2844142	4.186338950587858	65094504	95.81366104941215	0.03	20381.5938	0.48	326105.5008	0.04	27175.4584	0.31	210609.8026	1.92	1304422.0032	0.12	81526.3752	0.42	285342.3132	0.86	584272.3556
RSS0001820_1																					
RSS0001820_2	73396658	3564994	4.857161207530729	69831664	95.14283879246928	0.03	22018.997399999997	0.5	366983.29	0.06	44037.99479999999	0.35	256888.30299999999	2.29	1680783.4682	0.13	95415.65539999999	0.53	389002.28740000003	0.97	711947.5826
RSS0001821_1																					
RSS0001821_2	65351134	2956917	4.524660582018362	62394217	95.47533941798164	0.04	26140.4536	0.51	333290.7834	0.08	52280.9072	0.41	267939.6494	1.68	1097899.0511999999	0.15	98026.701	0.6	392106.804	1.06	692722.0204
RSS0001822_1																					
RSS0001822_2	66180566	2552003	3.856121448100036	63628563	96.14387855189996	0.03	19854.1698	0.51	337520.8866	0.05	33090.283	0.35	231631.98099999997	1.38	913291.8108	0.13	86034.7358	0.47	311048.6602	0.93	615479.2638000001
RSS0001823_1																					
RSS0001823_2	43300424	2984998	6.893692311188454	40315426	93.10630768881155	0.05	21650.212	0.51	220832.16240000003	0.08	34640.3392	0.41	177531.73839999997	3.91	1693046.5784000002	0.15	64950.636	0.67	290112.8408	1.1	476304.66400000005
RSS0001824_1																					
RSS0001824_2	57880946	2994728	5.173944461792314	54886218	94.82605553820768	0.04	23152.3784	0.51	295192.8246	0.08	46304.7568	0.43	248888.0678	2.14	1238652.2444000002	0.16	92609.5136	0.68	393590.4328	1.12	648266.5952000001
RSS0001825_1																					
RSS0001825_2	75226514	3142357	4.177193429433671	72084157	95.82280657056633	0.04	30090.605600000003	0.51	383655.22140000004	0.06	45135.90839999999	0.34	255770.14760000003	1.59	1196101.5726	0.13	97794.46819999999	0.54	406223.1756	0.97	729697.1858
RSS0001826_1																					
RSS0001826_2	63466660	3514100	5.536922850517106	59952560	94.4630771494829	0.05	31733.33	0.49	310986.63399999996	0.08	50773.328	0.44	279253.304	2.38	1510506.508	0.16	101546.656	0.76	482346.616	1.16	736213.2559999999
RSS0001827_1																					
RSS0001827_2	64918666	4188938	6.45259408133864	60729728	93.54740591866137	0.07	45443.06620000001	0.52	337577.0632	0.12	77902.3992	0.54	350560.7964	2.64	1713852.7824	0.18	116853.59879999999	1.01	655678.5266	1.38	895877.5908
RSS0001828_1																					
RSS0001828_2	52664000	2119196	4.023993619930123	50544804	95.97600638006988	0.03	15799.199999999999	0.5	263320.0	0.05	26332.0	0.32	168524.80000000002	1.65	868956.0	0.12	63196.799999999996	0.47	247520.79999999996	0.88	463443.2
RSS0001829_1																					
RSS0001829_2	57050084	2088825	3.6613881234600814	54961259	96.33861187653991	0.03	17115.0252	0.49	279545.4116	0.05	28525.042	0.31	176855.2604	1.36	775881.1424	0.12	68460.1008	0.45	256725.37800000003	0.84	479220.7056
RSS0001830_1																					
RSS0001830_2	67762126	3010558	4.442832859169737	64751568	95.55716714083027	0.04	27104.850400000003	0.5	338810.63	0.06	40657.27559999999	0.35	237167.44099999996	1.92	1301032.8191999998	0.13	88090.7638	0.52	352363.0552	0.94	636963.9844
RSS0001831_1																					
RSS0001831_2	54281998	3388769	6.242896586083659	50893229	93.75710341391634	0.06	32569.1988	0.51	276838.1898	0.11	59710.1978	0.53	287694.5894	2.57	1395047.3486	0.18	97707.5964	0.94	510250.7811999999	1.34	727378.7732
RSS0001832_1																					
RSS0001832_2	56649814	2366878	4.178086092215589	54282936	95.8219139077844	0.03	16994.944199999998	0.47	266254.1258	0.06	33989.888399999996	0.36	203939.3304	1.6	906397.024	0.14	79309.73960000002	0.57	322903.93979999993	0.95	538173.233
RSS0001833_1																					
RSS0001833_2	71327810	3829911	5.369449868151006	67497899	94.63055013184899	0.05	35663.905	0.49	349506.269	0.07	49929.467000000004	0.43	306709.583	2.32	1654805.1919999998	0.16	114124.496	0.72	513560.23199999996	1.13	806004.2529999999
RSS0001834_1																					
RSS0001834_2	50349986	2994322	5.947016549319398	47355664	94.0529834506806	0.06	30209.991599999998	0.49	246714.9314	0.1	50349.986000000004	0.54	271889.9244	2.28	1147979.6808	0.18	90629.9748	0.9	453149.87400000007	1.38	694829.8068
RSS0001835_1																					
RSS0001835_2	53865596	2492928	4.62805238430853	51372668	95.37194761569147	0.04	21546.238400000002	0.5	269327.98	0.07	37705.9172	0.38	204689.2648	1.83	985740.4068	0.14	75411.8344	0.64	344739.81440000003	1.03	554815.6388
RSS0001836_1																					
RSS0001836_2	57848256	2980399	5.152098275875421	54867857	94.84790172412458	0.05	28924.128	0.5	289241.28	0.08	46278.6048	0.44	254532.32640000002	2.02	1168534.7711999998	0.16	92557.2096	0.78	451216.39680000005	1.12	647900.4672000001
RSS0001837_1																					
RSS0001837_2	46609526	3038470	6.518989272707901	43571056	93.4810107272921	0.09	41948.5734	0.53	247030.4878	0.17	79236.19420000001	0.7	326266.682	1.95	908885.757	0.24	111862.86239999998	1.16	540670.5016	1.7	792361.942
RSS0001838_1																					
RSS0001838_2	56104914	2629005	4.685872970057489	53475909	95.31412702994251	0.05	28052.457000000002	0.51	286135.0614	0.08	44883.9312	0.44	246861.6216	1.59	892068.1326	0.16	89767.8624	0.71	398344.8894	1.15	645206.5109999999
RSS0001839_1																					
RSS0001839_2	51723888	2729455	5.276971831661224	48994433	94.72302816833877	0.07	36206.721600000004	0.45	232757.496	0.14	72413.44320000001	0.55	284481.384	1.65	853444.152	0.19	98275.3872	0.9	465514.992	1.34	693100.0992
RSS0001840_1																					
RSS0001840_2	77922760	4971323	6.379808672074757	72951437	93.62019132792524	0.07	54545.93200000001	0.44	342860.14400000003	0.15	116884.14	0.63	490913.388	2.03	1581832.028	0.24	187014.62399999998	1.17	911696.2919999999	1.65	1285725.54
RSS0001841_1																					
RSS0001841_2	93815018	17972586	19.15747220770133	75842432	80.84252779229867	0.29	272063.5522	0.4	375260.072	0.49	459693.5882	2.37	2223415.9266000004	2.31	2167126.9158	0.85	797427.653	5.13	4812710.4234	7.31	6857877.8158
RSS0001842_1																					
RSS0001842_2	69260164	6466669	9.336779797402732	62793495	90.66322020259727	0.12	83112.19679999999	0.44	304744.7216	0.21	145446.3444	0.99	685675.6235999999	2.68	1856172.3952000001	0.31	214706.5084	1.99	1378277.2636000002	2.59	1793838.2476
RSS0001843_1																					
RSS0001843_2	75928420	4914849	6.473003125838783	71013571	93.52699687416121	0.11	83521.262	0.49	372049.258	0.17	129078.31400000001	0.72	546684.624	1.35	1025033.6700000002	0.24	182228.20799999998	1.49	1131333.458	1.91	1450232.822
RSS0001844_1																					
RSS0001844_2	66754028	5456687	8.17431870927699	61297341	91.82568129072301	0.12	80104.8336	0.52	347120.9456	0.21	140183.4588	0.85	567409.238	2.38	1588745.8664	0.27	180235.8756	1.77	1181546.2956	2.05	1368457.5739999998
RSS0001845_1																					
RSS0001845_2	37695472	2264248	6.0066843041519675	35431224	93.99331569584804	0.08	30156.3776	0.49	184707.81279999999	0.14	52773.660800000005	0.6	226172.832	1.86	701135.7792000001	0.21	79160.49119999999	1.09	410880.6448	1.54	580510.2688
RSS0001846_1																					
RSS0001846_2	65576042	3303944	5.038340069380827	62272098	94.96165993061916	0.05	32788.021	0.46	301649.7932	0.08	52460.833600000005	0.46	301649.7932	1.76	1154138.3392	0.17	111479.27140000001	0.83	544281.1486	1.23	806585.3166
RSS0001847_1																					
RSS0001847_2	59908140	4590954	7.66332254681918	55317186	92.33667745318081	0.08	47926.512	0.41	245623.37399999998	0.16	95853.024	0.65	389402.91000000003	3.16	1893097.2240000002	0.24	143779.536	1.29	772815.006	1.68	1006456.752
RSS0001848_1																					
RSS0001848_2	105392406	8239452	7.817880161119009	97152954	92.182119838881	0.05	52696.203	0.34	358334.1804	0.12	126470.88719999998	0.61	642893.6766	3.49	3678194.9694	0.27	284559.4962	1.12	1180394.9472000003	1.81	1907602.5486
RSS0002237_1																					
RSS0002237_2	27284046	4132176	15.145026511097365	23151870	84.85497348890264	0.21	57296.4966	0.45	122778.20700000001	0.3	81852.138	1.69	461100.37739999994	5.04	1375115.9184	0.5	136420.23	2.33	635718.2718	4.62	1260522.9252
