Sample	total_passed	total_failed	secondary_passed	secondary_failed	supplementary_passed	supplementary_failed	duplicates_passed	duplicates_failed	mapped_passed	mapped_failed	mapped_passed_pct	mapped_failed_pct	paired in sequencing_passed	paired in sequencing_failed	read1_passed	read1_failed	read2_passed	read2_failed	properly paired_passed	properly paired_failed	properly paired_passed_pct	properly paired_failed_pct	with itself and mate mapped_passed	with itself and mate mapped_failed	singletons_passed	singletons_failed	singletons_passed_pct	singletons_failed_pct	with mate mapped to a different chr_passed	with mate mapped to a different chr_failed	with mate mapped to a different chr (mapQ >= 5)_passed	with mate mapped to a different chr (mapQ >= 5)_failed	flagstat_total
RSS0001465	27760687	0	2869516	0	0	0	0	0	27760687	0	100.0	nan	24891171	0	12408917	0	12482254	0	24891171	0	100.0	nan	24891171	0	0	0	0.0	nan	0	0	0	0	27760687
RSS0001466	33138241	0	2072066	0	0	0	0	0	33138241	0	100.0	nan	31066175	0	15496334	0	15569841	0	31066175	0	100.0	nan	31066175	0	0	0	0.0	nan	0	0	0	0	33138241
RSS0001467	36928598	0	3646548	0	0	0	0	0	36928598	0	100.0	nan	33282050	0	16596001	0	16686049	0	33282050	0	100.0	nan	33282050	0	0	0	0.0	nan	0	0	0	0	36928598
RSS0001468	31984842	0	1299396	0	0	0	0	0	31984842	0	100.0	nan	30685446	0	15327901	0	15357545	0	30685446	0	100.0	nan	30685446	0	0	0	0.0	nan	0	0	0	0	31984842
RSS0001469	26797567	0	1076077	0	0	0	0	0	26797567	0	100.0	nan	25721490	0	12848400	0	12873090	0	25721490	0	100.0	nan	25721490	0	0	0	0.0	nan	0	0	0	0	26797567
RSS0001470	29657706	0	1898498	0	0	0	0	0	29657706	0	100.0	nan	27759208	0	13848597	0	13910611	0	27759208	0	100.0	nan	27759208	0	0	0	0.0	nan	0	0	0	0	29657706
RSS0001471	36949736	0	2316474	0	0	0	0	0	36949736	0	100.0	nan	34633262	0	17275954	0	17357308	0	34633262	0	100.0	nan	34633262	0	0	0	0.0	nan	0	0	0	0	36949736
RSS0001472	23026626	0	1202275	0	0	0	0	0	23026626	0	100.0	nan	21824351	0	10902114	0	10922237	0	21824351	0	100.0	nan	21824351	0	0	0	0.0	nan	0	0	0	0	23026626
RSS0001473	31954600	0	1429648	0	0	0	0	0	31954600	0	100.0	nan	30524952	0	15248276	0	15276676	0	30524952	0	100.0	nan	30524952	0	0	0	0.0	nan	0	0	0	0	31954600
RSS0001474	29721530	0	1168486	0	0	0	0	0	29721530	0	100.0	nan	28553044	0	14263589	0	14289455	0	28553044	0	100.0	nan	28553044	0	0	0	0.0	nan	0	0	0	0	29721530
RSS0001475	30612904	0	1174143	0	0	0	0	0	30612904	0	100.0	nan	29438761	0	14705127	0	14733634	0	29438761	0	100.0	nan	29438761	0	0	0	0.0	nan	0	0	0	0	30612904
RSS0001476	31572435	0	1257878	0	0	0	0	0	31572435	0	100.0	nan	30314557	0	15142877	0	15171680	0	30314557	0	100.0	nan	30314557	0	0	0	0.0	nan	0	0	0	0	31572435
RSS0001477	30391063	0	1225152	0	0	0	0	0	30391063	0	100.0	nan	29165911	0	14569418	0	14596493	0	29165911	0	100.0	nan	29165911	0	0	0	0.0	nan	0	0	0	0	30391063
RSS0001478	27919338	0	1172112	0	0	0	0	0	27919338	0	100.0	nan	26747226	0	13361441	0	13385785	0	26747226	0	100.0	nan	26747226	0	0	0	0.0	nan	0	0	0	0	27919338
RSS0001479	26173393	0	1062290	0	0	0	0	0	26173393	0	100.0	nan	25111103	0	12543674	0	12567429	0	25111103	0	100.0	nan	25111103	0	0	0	0.0	nan	0	0	0	0	26173393
RSS0001480	27739974	0	1138951	0	0	0	0	0	27739974	0	100.0	nan	26601023	0	13288649	0	13312374	0	26601023	0	100.0	nan	26601023	0	0	0	0.0	nan	0	0	0	0	27739974
RSS0001481	41430597	0	1776732	0	0	0	0	0	41430597	0	100.0	nan	39653865	0	19807005	0	19846860	0	39653865	0	100.0	nan	39653865	0	0	0	0.0	nan	0	0	0	0	41430597
RSS0001482	38406820	0	1498058	0	0	0	0	0	38406820	0	100.0	nan	36908762	0	18436682	0	18472080	0	36908762	0	100.0	nan	36908762	0	0	0	0.0	nan	0	0	0	0	38406820
RSS0001483	36556050	0	1457209	0	0	0	0	0	36556050	0	100.0	nan	35098841	0	17532941	0	17565900	0	35098841	0	100.0	nan	35098841	0	0	0	0.0	nan	0	0	0	0	36556050
RSS0001484	32781615	0	1344401	0	0	0	0	0	32781615	0	100.0	nan	31437214	0	15703347	0	15733867	0	31437214	0	100.0	nan	31437214	0	0	0	0.0	nan	0	0	0	0	32781615
RSS0001485	34671632	0	1379043	0	0	0	0	0	34671632	0	100.0	nan	33292589	0	16630391	0	16662198	0	33292589	0	100.0	nan	33292589	0	0	0	0.0	nan	0	0	0	0	34671632
RSS0001486	30088768	0	1246749	0	0	0	0	0	30088768	0	100.0	nan	28842019	0	14407418	0	14434601	0	28842019	0	100.0	nan	28842019	0	0	0	0.0	nan	0	0	0	0	30088768
RSS0001487	29722175	0	1199459	0	0	0	0	0	29722175	0	100.0	nan	28522716	0	14248143	0	14274573	0	28522716	0	100.0	nan	28522716	0	0	0	0.0	nan	0	0	0	0	29722175
RSS0001488	22314352	0	924695	0	0	0	0	0	22314352	0	100.0	nan	21389657	0	10685214	0	10704443	0	21389657	0	100.0	nan	21389657	0	0	0	0.0	nan	0	0	0	0	22314352
RSS0001489	41489341	0	1742459	0	0	0	0	0	41489341	0	100.0	nan	39746882	0	19854236	0	19892646	0	39746882	0	100.0	nan	39746882	0	0	0	0.0	nan	0	0	0	0	41489341
RSS0001490	32578276	0	1287226	0	0	0	0	0	32578276	0	100.0	nan	31291050	0	15630877	0	15660173	0	31291050	0	100.0	nan	31291050	0	0	0	0.0	nan	0	0	0	0	32578276
RSS0001491	36187203	0	1408298	0	0	0	0	0	36187203	0	100.0	nan	34778905	0	17372835	0	17406070	0	34778905	0	100.0	nan	34778905	0	0	0	0.0	nan	0	0	0	0	36187203
RSS0001492	34213236	0	1370392	0	0	0	0	0	34213236	0	100.0	nan	32842844	0	16405108	0	16437736	0	32842844	0	100.0	nan	32842844	0	0	0	0.0	nan	0	0	0	0	34213236
RSS0001493	40061668	0	1609599	0	0	0	0	0	40061668	0	100.0	nan	38452069	0	19205927	0	19246142	0	38452069	0	100.0	nan	38452069	0	0	0	0.0	nan	0	0	0	0	40061668
RSS0001494	37971301	0	1590142	0	0	0	0	0	37971301	0	100.0	nan	36381159	0	18172729	0	18208430	0	36381159	0	100.0	nan	36381159	0	0	0	0.0	nan	0	0	0	0	37971301
RSS0001495	33597909	0	1367860	0	0	0	0	0	33597909	0	100.0	nan	32230049	0	16100049	0	16130000	0	32230049	0	100.0	nan	32230049	0	0	0	0.0	nan	0	0	0	0	33597909
RSS0001496	33056403	0	1362561	0	0	0	0	0	33056403	0	100.0	nan	31693842	0	15831436	0	15862406	0	31693842	0	100.0	nan	31693842	0	0	0	0.0	nan	0	0	0	0	33056403
RSS0001497	36129460	0	1516443	0	0	0	0	0	36129460	0	100.0	nan	34613017	0	17289782	0	17323235	0	34613017	0	100.0	nan	34613017	0	0	0	0.0	nan	0	0	0	0	36129460
RSS0001498	32716388	0	1324091	0	0	0	0	0	32716388	0	100.0	nan	31392297	0	15681019	0	15711278	0	31392297	0	100.0	nan	31392297	0	0	0	0.0	nan	0	0	0	0	32716388
RSS0001499	38064366	0	1539871	0	0	0	0	0	38064366	0	100.0	nan	36524495	0	18243814	0	18280681	0	36524495	0	100.0	nan	36524495	0	0	0	0.0	nan	0	0	0	0	38064366
RSS0001500	45689809	0	1853342	0	0	0	0	0	45689809	0	100.0	nan	43836467	0	21896215	0	21940252	0	43836467	0	100.0	nan	43836467	0	0	0	0.0	nan	0	0	0	0	45689809
RSS0001502	35719516	0	1564789	0	0	0	0	0	35719516	0	100.0	nan	34154727	0	17061488	0	17093239	0	34154727	0	100.0	nan	34154727	0	0	0	0.0	nan	0	0	0	0	35719516
RSS0001503	29610165	0	1219001	0	0	0	0	0	29610165	0	100.0	nan	28391164	0	14182843	0	14208321	0	28391164	0	100.0	nan	28391164	0	0	0	0.0	nan	0	0	0	0	29610165
RSS0001504	26171845	0	1055418	0	0	0	0	0	26171845	0	100.0	nan	25116427	0	12546881	0	12569546	0	25116427	0	100.0	nan	25116427	0	0	0	0.0	nan	0	0	0	0	26171845
RSS0001505	42844234	0	1815926	0	0	0	0	0	42844234	0	100.0	nan	41028308	0	20494918	0	20533390	0	41028308	0	100.0	nan	41028308	0	0	0	0.0	nan	0	0	0	0	42844234
RSS0001506	33371523	0	1346324	0	0	0	0	0	33371523	0	100.0	nan	32025199	0	15997645	0	16027554	0	32025199	0	100.0	nan	32025199	0	0	0	0.0	nan	0	0	0	0	33371523
RSS0001507	30937963	0	1258792	0	0	0	0	0	30937963	0	100.0	nan	29679171	0	14825050	0	14854121	0	29679171	0	100.0	nan	29679171	0	0	0	0.0	nan	0	0	0	0	30937963
RSS0001508	42027452	0	1730814	0	0	0	0	0	42027452	0	100.0	nan	40296638	0	20127959	0	20168679	0	40296638	0	100.0	nan	40296638	0	0	0	0.0	nan	0	0	0	0	42027452
RSS0001509	41009256	0	1668228	0	0	0	0	0	41009256	0	100.0	nan	39341028	0	19650871	0	19690157	0	39341028	0	100.0	nan	39341028	0	0	0	0.0	nan	0	0	0	0	41009256
RSS0001510	33229318	0	1348223	0	0	0	0	0	33229318	0	100.0	nan	31881095	0	15925617	0	15955478	0	31881095	0	100.0	nan	31881095	0	0	0	0.0	nan	0	0	0	0	33229318
RSS0001511	28746014	0	1159279	0	0	0	0	0	28746014	0	100.0	nan	27586735	0	13780742	0	13805993	0	27586735	0	100.0	nan	27586735	0	0	0	0.0	nan	0	0	0	0	28746014
RSS0001512	31369952	0	1269080	0	0	0	0	0	31369952	0	100.0	nan	30100872	0	15037172	0	15063700	0	30100872	0	100.0	nan	30100872	0	0	0	0.0	nan	0	0	0	0	31369952
RSS0001513	40725144	0	1705430	0	0	0	0	0	40725144	0	100.0	nan	39019714	0	19490969	0	19528745	0	39019714	0	100.0	nan	39019714	0	0	0	0.0	nan	0	0	0	0	40725144
RSS0001514	35306371	0	1409412	0	0	0	0	0	35306371	0	100.0	nan	33896959	0	16932392	0	16964567	0	33896959	0	100.0	nan	33896959	0	0	0	0.0	nan	0	0	0	0	35306371
RSS0001515	29715301	0	1312820	0	0	0	0	0	29715301	0	100.0	nan	28402481	0	14187424	0	14215057	0	28402481	0	100.0	nan	28402481	0	0	0	0.0	nan	0	0	0	0	29715301
RSS0001516	35046580	0	1442531	0	0	0	0	0	35046580	0	100.0	nan	33604049	0	16785785	0	16818264	0	33604049	0	100.0	nan	33604049	0	0	0	0.0	nan	0	0	0	0	35046580
RSS0001517	32955182	0	1414181	0	0	0	0	0	32955182	0	100.0	nan	31541001	0	15755653	0	15785348	0	31541001	0	100.0	nan	31541001	0	0	0	0.0	nan	0	0	0	0	32955182
RSS0001518	37464611	0	1570175	0	0	0	0	0	37464611	0	100.0	nan	35894436	0	17929415	0	17965021	0	35894436	0	100.0	nan	35894436	0	0	0	0.0	nan	0	0	0	0	37464611
RSS0001519	37967396	0	1592718	0	0	0	0	0	37967396	0	100.0	nan	36374678	0	18170414	0	18204264	0	36374678	0	100.0	nan	36374678	0	0	0	0.0	nan	0	0	0	0	37967396
RSS0001520	33159948	0	1402179	0	0	0	0	0	33159948	0	100.0	nan	31757769	0	15864090	0	15893679	0	31757769	0	100.0	nan	31757769	0	0	0	0.0	nan	0	0	0	0	33159948
RSS0001521	38362556	0	1654425	0	0	0	0	0	38362556	0	100.0	nan	36708131	0	18336056	0	18372075	0	36708131	0	100.0	nan	36708131	0	0	0	0.0	nan	0	0	0	0	38362556
RSS0001522	36153848	0	1509253	0	0	0	0	0	36153848	0	100.0	nan	34644595	0	17305093	0	17339502	0	34644595	0	100.0	nan	34644595	0	0	0	0.0	nan	0	0	0	0	36153848
RSS0001523	30950687	0	1238857	0	0	0	0	0	30950687	0	100.0	nan	29711830	0	14842417	0	14869413	0	29711830	0	100.0	nan	29711830	0	0	0	0.0	nan	0	0	0	0	30950687
RSS0001524	35518044	0	1486939	0	0	0	0	0	35518044	0	100.0	nan	34031105	0	16999907	0	17031198	0	34031105	0	100.0	nan	34031105	0	0	0	0.0	nan	0	0	0	0	35518044
RSS0001525	35587211	0	1438262	0	0	0	0	0	35587211	0	100.0	nan	34148949	0	17058519	0	17090430	0	34148949	0	100.0	nan	34148949	0	0	0	0.0	nan	0	0	0	0	35587211
RSS0001526	37042939	0	1500087	0	0	0	0	0	37042939	0	100.0	nan	35542852	0	17754451	0	17788401	0	35542852	0	100.0	nan	35542852	0	0	0	0.0	nan	0	0	0	0	37042939
RSS0001527	33707141	0	1383621	0	0	0	0	0	33707141	0	100.0	nan	32323520	0	16146445	0	16177075	0	32323520	0	100.0	nan	32323520	0	0	0	0.0	nan	0	0	0	0	33707141
RSS0001528	29781054	0	1248730	0	0	0	0	0	29781054	0	100.0	nan	28532324	0	14252838	0	14279486	0	28532324	0	100.0	nan	28532324	0	0	0	0.0	nan	0	0	0	0	29781054
RSS0001529	36261289	0	2145333	0	0	0	0	0	36261289	0	100.0	nan	34115956	0	17041665	0	17074291	0	34115956	0	100.0	nan	34115956	0	0	0	0.0	nan	0	0	0	0	36261289
RSS0001530	32120823	0	1711307	0	0	0	0	0	32120823	0	100.0	nan	30409516	0	15190760	0	15218756	0	30409516	0	100.0	nan	30409516	0	0	0	0.0	nan	0	0	0	0	32120823
RSS0001531	31470656	0	1285825	0	0	0	0	0	31470656	0	100.0	nan	30184831	0	15077967	0	15106864	0	30184831	0	100.0	nan	30184831	0	0	0	0.0	nan	0	0	0	0	31470656
RSS0001532	36286129	0	1501987	0	0	0	0	0	36286129	0	100.0	nan	34784142	0	17375287	0	17408855	0	34784142	0	100.0	nan	34784142	0	0	0	0.0	nan	0	0	0	0	36286129
RSS0001533	34974512	0	1431384	0	0	0	0	0	34974512	0	100.0	nan	33543128	0	16754932	0	16788196	0	33543128	0	100.0	nan	33543128	0	0	0	0.0	nan	0	0	0	0	34974512
RSS0001534	41631593	0	1667890	0	0	0	0	0	41631593	0	100.0	nan	39963703	0	19963197	0	20000506	0	39963703	0	100.0	nan	39963703	0	0	0	0.0	nan	0	0	0	0	41631593
RSS0001535	33886108	0	1559659	0	0	0	0	0	33886108	0	100.0	nan	32326449	0	16148317	0	16178132	0	32326449	0	100.0	nan	32326449	0	0	0	0.0	nan	0	0	0	0	33886108
RSS0001536	28729863	0	1191626	0	0	0	0	0	28729863	0	100.0	nan	27538237	0	13756696	0	13781541	0	27538237	0	100.0	nan	27538237	0	0	0	0.0	nan	0	0	0	0	28729863
RSS0001537	37141031	0	2117297	0	0	0	0	0	37141031	0	100.0	nan	35023734	0	17495192	0	17528542	0	35023734	0	100.0	nan	35023734	0	0	0	0.0	nan	0	0	0	0	37141031
RSS0001538	30990549	0	1254816	0	0	0	0	0	30990549	0	100.0	nan	29735733	0	14853580	0	14882153	0	29735733	0	100.0	nan	29735733	0	0	0	0.0	nan	0	0	0	0	30990549
RSS0001539	39116640	0	1574623	0	0	0	0	0	39116640	0	100.0	nan	37542017	0	18752672	0	18789345	0	37542017	0	100.0	nan	37542017	0	0	0	0.0	nan	0	0	0	0	39116640
RSS0001540	29354892	0	1219096	0	0	0	0	0	29354892	0	100.0	nan	28135796	0	14054058	0	14081738	0	28135796	0	100.0	nan	28135796	0	0	0	0.0	nan	0	0	0	0	29354892
RSS0001541	33720099	0	1326639	0	0	0	0	0	33720099	0	100.0	nan	32393460	0	16181941	0	16211519	0	32393460	0	100.0	nan	32393460	0	0	0	0.0	nan	0	0	0	0	33720099
RSS0001542	36890286	0	1499454	0	0	0	0	0	36890286	0	100.0	nan	35390832	0	17679154	0	17711678	0	35390832	0	100.0	nan	35390832	0	0	0	0.0	nan	0	0	0	0	36890286
RSS0001543	38189699	0	1538880	0	0	0	0	0	38189699	0	100.0	nan	36650819	0	18308296	0	18342523	0	36650819	0	100.0	nan	36650819	0	0	0	0.0	nan	0	0	0	0	38189699
RSS0001544	30353384	0	1270753	0	0	0	0	0	30353384	0	100.0	nan	29082631	0	14528241	0	14554390	0	29082631	0	100.0	nan	29082631	0	0	0	0.0	nan	0	0	0	0	30353384
RSS0001545	29577667	0	1386962	0	0	0	0	0	29577667	0	100.0	nan	28190705	0	14082718	0	14107987	0	28190705	0	100.0	nan	28190705	0	0	0	0.0	nan	0	0	0	0	29577667
RSS0001546	35663104	0	1464425	0	0	0	0	0	35663104	0	100.0	nan	34198679	0	17082931	0	17115748	0	34198679	0	100.0	nan	34198679	0	0	0	0.0	nan	0	0	0	0	35663104
RSS0001547	35734877	0	1455019	0	0	0	0	0	35734877	0	100.0	nan	34279858	0	17123145	0	17156713	0	34279858	0	100.0	nan	34279858	0	0	0	0.0	nan	0	0	0	0	35734877
RSS0001548	34862026	0	1480392	0	0	0	0	0	34862026	0	100.0	nan	33381634	0	16674697	0	16706937	0	33381634	0	100.0	nan	33381634	0	0	0	0.0	nan	0	0	0	0	34862026
RSS0001549	31880436	0	1294424	0	0	0	0	0	31880436	0	100.0	nan	30586012	0	15279163	0	15306849	0	30586012	0	100.0	nan	30586012	0	0	0	0.0	nan	0	0	0	0	31880436
RSS0001550	37648004	0	1561283	0	0	0	0	0	37648004	0	100.0	nan	36086721	0	18026511	0	18060210	0	36086721	0	100.0	nan	36086721	0	0	0	0.0	nan	0	0	0	0	37648004
RSS0001551	33472392	0	1344249	0	0	0	0	0	33472392	0	100.0	nan	32128143	0	16049860	0	16078283	0	32128143	0	100.0	nan	32128143	0	0	0	0.0	nan	0	0	0	0	33472392
RSS0001552	23209248	0	989585	0	0	0	0	0	23209248	0	100.0	nan	22219663	0	11100327	0	11119336	0	22219663	0	100.0	nan	22219663	0	0	0	0.0	nan	0	0	0	0	23209248
RSS0001553	28609752	0	1397712	0	0	0	0	0	28609752	0	100.0	nan	27212040	0	13592618	0	13619422	0	27212040	0	100.0	nan	27212040	0	0	0	0.0	nan	0	0	0	0	28609752
RSS0001554	36411798	0	1522286	0	0	0	0	0	36411798	0	100.0	nan	34889512	0	17428884	0	17460628	0	34889512	0	100.0	nan	34889512	0	0	0	0.0	nan	0	0	0	0	36411798
RSS0001555	21880916	0	861358	0	0	0	0	0	21880916	0	100.0	nan	21019558	0	10500911	0	10518647	0	21019558	0	100.0	nan	21019558	0	0	0	0.0	nan	0	0	0	0	21880916
RSS0001556	29134759	0	1143425	0	0	0	0	0	29134759	0	100.0	nan	27991334	0	13983176	0	14008158	0	27991334	0	100.0	nan	27991334	0	0	0	0.0	nan	0	0	0	0	29134759
RSS0001557	32289497	0	1286340	0	0	0	0	0	32289497	0	100.0	nan	31003157	0	15487811	0	15515346	0	31003157	0	100.0	nan	31003157	0	0	0	0.0	nan	0	0	0	0	32289497
RSS0001558	20184957	0	788291	0	0	0	0	0	20184957	0	100.0	nan	19396666	0	9690086	0	9706580	0	19396666	0	100.0	nan	19396666	0	0	0	0.0	nan	0	0	0	0	20184957
RSS0001559	22176954	0	892529	0	0	0	0	0	22176954	0	100.0	nan	21284425	0	10633160	0	10651265	0	21284425	0	100.0	nan	21284425	0	0	0	0.0	nan	0	0	0	0	22176954
RSS0001560	18329623	0	1164617	0	0	0	0	0	18329623	0	100.0	nan	17165006	0	8566319	0	8598687	0	17165006	0	100.0	nan	17165006	0	0	0	0.0	nan	0	0	0	0	18329623
RSS0001561	45712772	0	2262375	0	0	0	0	0	45712772	0	100.0	nan	43450397	0	21703078	0	21747319	0	43450397	0	100.0	nan	43450397	0	0	0	0.0	nan	0	0	0	0	45712772
RSS0001562	29111410	0	1749074	0	0	0	0	0	29111410	0	100.0	nan	27362336	0	13652422	0	13709914	0	27362336	0	100.0	nan	27362336	0	0	0	0.0	nan	0	0	0	0	29111410
RSS0001563	33958568	0	1373950	0	0	0	0	0	33958568	0	100.0	nan	32584618	0	16276661	0	16307957	0	32584618	0	100.0	nan	32584618	0	0	0	0.0	nan	0	0	0	0	33958568
RSS0001564	34576954	0	1391236	0	0	0	0	0	34576954	0	100.0	nan	33185718	0	16577211	0	16608507	0	33185718	0	100.0	nan	33185718	0	0	0	0.0	nan	0	0	0	0	34576954
RSS0001565	23633084	0	1429650	0	0	0	0	0	23633084	0	100.0	nan	22203434	0	11090428	0	11113006	0	22203434	0	100.0	nan	22203434	0	0	0	0.0	nan	0	0	0	0	23633084
RSS0001566	25524731	0	1041758	0	0	0	0	0	25524731	0	100.0	nan	24482973	0	12230398	0	12252575	0	24482973	0	100.0	nan	24482973	0	0	0	0.0	nan	0	0	0	0	25524731
RSS0001567	25963198	0	1640747	0	0	0	0	0	25963198	0	100.0	nan	24322451	0	12149112	0	12173339	0	24322451	0	100.0	nan	24322451	0	0	0	0.0	nan	0	0	0	0	25963198
RSS0001568	26508285	0	1803158	0	0	0	0	0	26508285	0	100.0	nan	24705127	0	12339586	0	12365541	0	24705127	0	100.0	nan	24705127	0	0	0	0.0	nan	0	0	0	0	26508285
RSS0001569	36505632	0	1585061	0	0	0	0	0	36505632	0	100.0	nan	34920571	0	17444288	0	17476283	0	34920571	0	100.0	nan	34920571	0	0	0	0.0	nan	0	0	0	0	36505632
RSS0001570	25641329	0	1806021	0	0	0	0	0	25641329	0	100.0	nan	23835308	0	11892231	0	11943077	0	23835308	0	100.0	nan	23835308	0	0	0	0.0	nan	0	0	0	0	25641329
RSS0001571	28402667	0	1135261	0	0	0	0	0	28402667	0	100.0	nan	27267406	0	13620977	0	13646429	0	27267406	0	100.0	nan	27267406	0	0	0	0.0	nan	0	0	0	0	28402667
RSS0001572	36324962	0	1485282	0	0	0	0	0	36324962	0	100.0	nan	34839680	0	17402646	0	17437034	0	34839680	0	100.0	nan	34839680	0	0	0	0.0	nan	0	0	0	0	36324962
RSS0001573	40748101	0	2497630	0	0	0	0	0	40748101	0	100.0	nan	38250471	0	19077652	0	19172819	0	38250471	0	100.0	nan	38250471	0	0	0	0.0	nan	0	0	0	0	40748101
RSS0001574	32696669	0	2006420	0	0	0	0	0	32696669	0	100.0	nan	30690249	0	15311214	0	15379035	0	30690249	0	100.0	nan	30690249	0	0	0	0.0	nan	0	0	0	0	32696669
RSS0001575	29401477	0	1896584	0	0	0	0	0	29401477	0	100.0	nan	27504893	0	13719291	0	13785602	0	27504893	0	100.0	nan	27504893	0	0	0	0.0	nan	0	0	0	0	29401477
RSS0001576	27586733	0	1768244	0	0	0	0	0	27586733	0	100.0	nan	25818489	0	12878383	0	12940106	0	25818489	0	100.0	nan	25818489	0	0	0	0.0	nan	0	0	0	0	27586733
RSS0001577	40281818	0	1686017	0	0	0	0	0	40281818	0	100.0	nan	38595801	0	19278885	0	19316916	0	38595801	0	100.0	nan	38595801	0	0	0	0.0	nan	0	0	0	0	40281818
RSS0001578	27004271	0	1681638	0	0	0	0	0	27004271	0	100.0	nan	25322633	0	12632888	0	12689745	0	25322633	0	100.0	nan	25322633	0	0	0	0.0	nan	0	0	0	0	27004271
RSS0001579	28961415	0	1180823	0	0	0	0	0	28961415	0	100.0	nan	27780592	0	13877535	0	13903057	0	27780592	0	100.0	nan	27780592	0	0	0	0.0	nan	0	0	0	0	28961415
RSS0001580	39869001	0	1640619	0	0	0	0	0	39869001	0	100.0	nan	38228382	0	19095129	0	19133253	0	38228382	0	100.0	nan	38228382	0	0	0	0.0	nan	0	0	0	0	39869001
RSS0001581	36847353	0	2732124	0	0	0	0	0	36847353	0	100.0	nan	34115229	0	17037784	0	17077445	0	34115229	0	100.0	nan	34115229	0	0	0	0.0	nan	0	0	0	0	36847353
RSS0001582	33322621	0	1420439	0	0	0	0	0	33322621	0	100.0	nan	31902182	0	15935735	0	15966447	0	31902182	0	100.0	nan	31902182	0	0	0	0.0	nan	0	0	0	0	33322621
RSS0001583	24182085	0	1989026	0	0	0	0	0	24182085	0	100.0	nan	22193059	0	11084226	0	11108833	0	22193059	0	100.0	nan	22193059	0	0	0	0.0	nan	0	0	0	0	24182085
RSS0001584	27751605	0	2188630	0	0	0	0	0	27751605	0	100.0	nan	25562975	0	12767890	0	12795085	0	25562975	0	100.0	nan	25562975	0	0	0	0.0	nan	0	0	0	0	27751605
RSS0001585	39026006	0	1647985	0	0	0	0	0	39026006	0	100.0	nan	37378021	0	18671559	0	18706462	0	37378021	0	100.0	nan	37378021	0	0	0	0.0	nan	0	0	0	0	39026006
RSS0001586	29706451	0	1810731	0	0	0	0	0	29706451	0	100.0	nan	27895720	0	13916037	0	13979683	0	27895720	0	100.0	nan	27895720	0	0	0	0.0	nan	0	0	0	0	29706451
RSS0001587	36053927	0	1449815	0	0	0	0	0	36053927	0	100.0	nan	34604112	0	17286197	0	17317915	0	34604112	0	100.0	nan	34604112	0	0	0	0.0	nan	0	0	0	0	36053927
RSS0001588	36618472	0	1537773	0	0	0	0	0	36618472	0	100.0	nan	35080699	0	17522742	0	17557957	0	35080699	0	100.0	nan	35080699	0	0	0	0.0	nan	0	0	0	0	36618472
RSS0001589	37028407	0	2618074	0	0	0	0	0	37028407	0	100.0	nan	34410333	0	17186038	0	17224295	0	34410333	0	100.0	nan	34410333	0	0	0	0.0	nan	0	0	0	0	37028407
RSS0001590	36158714	0	1674714	0	0	0	0	0	36158714	0	100.0	nan	34484000	0	17225143	0	17258857	0	34484000	0	100.0	nan	34484000	0	0	0	0.0	nan	0	0	0	0	36158714
RSS0001591	28429654	0	2097835	0	0	0	0	0	28429654	0	100.0	nan	26331819	0	13151694	0	13180125	0	26331819	0	100.0	nan	26331819	0	0	0	0.0	nan	0	0	0	0	28429654
RSS0001592	30843529	0	2279580	0	0	0	0	0	30843529	0	100.0	nan	28563949	0	14266801	0	14297148	0	28563949	0	100.0	nan	28563949	0	0	0	0.0	nan	0	0	0	0	30843529
RSS0001593	44001388	0	1807952	0	0	0	0	0	44001388	0	100.0	nan	42193436	0	21075986	0	21117450	0	42193436	0	100.0	nan	42193436	0	0	0	0.0	nan	0	0	0	0	44001388
RSS0001594	30650241	0	1227296	0	0	0	0	0	30650241	0	100.0	nan	29422945	0	14697860	0	14725085	0	29422945	0	100.0	nan	29422945	0	0	0	0.0	nan	0	0	0	0	30650241
RSS0001595	41309120	0	1647485	0	0	0	0	0	41309120	0	100.0	nan	39661635	0	19811615	0	19850020	0	39661635	0	100.0	nan	39661635	0	0	0	0.0	nan	0	0	0	0	41309120
RSS0001596	43261032	0	1729377	0	0	0	0	0	43261032	0	100.0	nan	41531655	0	20746191	0	20785464	0	41531655	0	100.0	nan	41531655	0	0	0	0.0	nan	0	0	0	0	43261032
RSS0001597	28149174	0	1374084	0	0	0	0	0	28149174	0	100.0	nan	26775090	0	13373951	0	13401139	0	26775090	0	100.0	nan	26775090	0	0	0	0.0	nan	0	0	0	0	28149174
RSS0001598	37234525	0	1527499	0	0	0	0	0	37234525	0	100.0	nan	35707026	0	17835852	0	17871174	0	35707026	0	100.0	nan	35707026	0	0	0	0.0	nan	0	0	0	0	37234525
RSS0001599	36526245	0	1848665	0	0	0	0	0	36526245	0	100.0	nan	34677580	0	17320394	0	17357186	0	34677580	0	100.0	nan	34677580	0	0	0	0.0	nan	0	0	0	0	36526245
RSS0001600	27718668	0	1385082	0	0	0	0	0	27718668	0	100.0	nan	26333586	0	13153739	0	13179847	0	26333586	0	100.0	nan	26333586	0	0	0	0.0	nan	0	0	0	0	27718668
RSS0001601	35925644	0	1595192	0	0	0	0	0	35925644	0	100.0	nan	34330452	0	17149309	0	17181143	0	34330452	0	100.0	nan	34330452	0	0	0	0.0	nan	0	0	0	0	35925644
RSS0001602	31708159	0	1984724	0	0	0	0	0	31708159	0	100.0	nan	29723435	0	14825711	0	14897724	0	29723435	0	100.0	nan	29723435	0	0	0	0.0	nan	0	0	0	0	31708159
RSS0001603	35490853	0	1443962	0	0	0	0	0	35490853	0	100.0	nan	34046891	0	17008009	0	17038882	0	34046891	0	100.0	nan	34046891	0	0	0	0.0	nan	0	0	0	0	35490853
RSS0001604	31353775	0	1254505	0	0	0	0	0	31353775	0	100.0	nan	30099270	0	15035614	0	15063656	0	30099270	0	100.0	nan	30099270	0	0	0	0.0	nan	0	0	0	0	31353775
RSS0001605	30732086	0	1910499	0	0	0	0	0	30732086	0	100.0	nan	28821587	0	14394983	0	14426604	0	28821587	0	100.0	nan	28821587	0	0	0	0.0	nan	0	0	0	0	30732086
RSS0001606	40493829	0	1667424	0	0	0	0	0	40493829	0	100.0	nan	38826405	0	19394666	0	19431739	0	38826405	0	100.0	nan	38826405	0	0	0	0.0	nan	0	0	0	0	40493829
RSS0001607	28194201	0	1861966	0	0	0	0	0	28194201	0	100.0	nan	26332235	0	13152173	0	13180062	0	26332235	0	100.0	nan	26332235	0	0	0	0.0	nan	0	0	0	0	28194201
RSS0001608	26778560	0	1755566	0	0	0	0	0	26778560	0	100.0	nan	25022994	0	12497950	0	12525044	0	25022994	0	100.0	nan	25022994	0	0	0	0.0	nan	0	0	0	0	26778560
RSS0001609	44015944	0	1875290	0	0	0	0	0	44015944	0	100.0	nan	42140654	0	21049595	0	21091059	0	42140654	0	100.0	nan	42140654	0	0	0	0.0	nan	0	0	0	0	44015944
RSS0001610	33115958	0	1311204	0	0	0	0	0	33115958	0	100.0	nan	31804754	0	15887440	0	15917314	0	31804754	0	100.0	nan	31804754	0	0	0	0.0	nan	0	0	0	0	33115958
RSS0001611	35174865	0	1381903	0	0	0	0	0	35174865	0	100.0	nan	33792962	0	16880380	0	16912582	0	33792962	0	100.0	nan	33792962	0	0	0	0.0	nan	0	0	0	0	35174865
RSS0001612	38644265	0	1529023	0	0	0	0	0	38644265	0	100.0	nan	37115242	0	18539947	0	18575295	0	37115242	0	100.0	nan	37115242	0	0	0	0.0	nan	0	0	0	0	38644265
RSS0001613	40745621	0	1650643	0	0	0	0	0	40745621	0	100.0	nan	39094978	0	19528660	0	19566318	0	39094978	0	100.0	nan	39094978	0	0	0	0.0	nan	0	0	0	0	40745621
RSS0001614	33564296	0	1301415	0	0	0	0	0	33564296	0	100.0	nan	32262881	0	16116833	0	16146048	0	32262881	0	100.0	nan	32262881	0	0	0	0.0	nan	0	0	0	0	33564296
RSS0001615	29866360	0	1189292	0	0	0	0	0	29866360	0	100.0	nan	28677068	0	14325786	0	14351282	0	28677068	0	100.0	nan	28677068	0	0	0	0.0	nan	0	0	0	0	29866360
RSS0001616	33264725	0	1344463	0	0	0	0	0	33264725	0	100.0	nan	31920262	0	15945496	0	15974766	0	31920262	0	100.0	nan	31920262	0	0	0	0.0	nan	0	0	0	0	33264725
RSS0001617	42366294	0	1798512	0	0	0	0	0	42366294	0	100.0	nan	40567782	0	20263829	0	20303953	0	40567782	0	100.0	nan	40567782	0	0	0	0.0	nan	0	0	0	0	42366294
RSS0001618	40572755	0	1616369	0	0	0	0	0	40572755	0	100.0	nan	38956386	0	19460014	0	19496372	0	38956386	0	100.0	nan	38956386	0	0	0	0.0	nan	0	0	0	0	40572755
RSS0001619	37621233	0	1503909	0	0	0	0	0	37621233	0	100.0	nan	36117324	0	18041908	0	18075416	0	36117324	0	100.0	nan	36117324	0	0	0	0.0	nan	0	0	0	0	37621233
RSS0001620	43542563	0	1759399	0	0	0	0	0	43542563	0	100.0	nan	41783164	0	20871328	0	20911836	0	41783164	0	100.0	nan	41783164	0	0	0	0.0	nan	0	0	0	0	43542563
RSS0001621	40603419	0	1629906	0	0	0	0	0	40603419	0	100.0	nan	38973513	0	19467970	0	19505543	0	38973513	0	100.0	nan	38973513	0	0	0	0.0	nan	0	0	0	0	40603419
RSS0001622	39079497	0	1577921	0	0	0	0	0	39079497	0	100.0	nan	37501576	0	18731974	0	18769602	0	37501576	0	100.0	nan	37501576	0	0	0	0.0	nan	0	0	0	0	39079497
RSS0001623	30099875	0	1266265	0	0	0	0	0	30099875	0	100.0	nan	28833610	0	14404177	0	14429433	0	28833610	0	100.0	nan	28833610	0	0	0	0.0	nan	0	0	0	0	30099875
RSS0001624	30739991	0	1243650	0	0	0	0	0	30739991	0	100.0	nan	29496341	0	14735075	0	14761266	0	29496341	0	100.0	nan	29496341	0	0	0	0.0	nan	0	0	0	0	30739991
RSS0001625	44643985	0	1851304	0	0	0	0	0	44643985	0	100.0	nan	42792681	0	21375085	0	21417596	0	42792681	0	100.0	nan	42792681	0	0	0	0.0	nan	0	0	0	0	44643985
RSS0001626	33590764	0	1329506	0	0	0	0	0	33590764	0	100.0	nan	32261258	0	16116472	0	16144786	0	32261258	0	100.0	nan	32261258	0	0	0	0.0	nan	0	0	0	0	33590764
RSS0001627	37130649	0	1491969	0	0	0	0	0	37130649	0	100.0	nan	35638680	0	17802699	0	17835981	0	35638680	0	100.0	nan	35638680	0	0	0	0.0	nan	0	0	0	0	37130649
RSS0001628	38417443	0	1535022	0	0	0	0	0	38417443	0	100.0	nan	36882421	0	18423669	0	18458752	0	36882421	0	100.0	nan	36882421	0	0	0	0.0	nan	0	0	0	0	38417443
RSS0001629	35088507	0	1422927	0	0	0	0	0	35088507	0	100.0	nan	33665580	0	16817016	0	16848564	0	33665580	0	100.0	nan	33665580	0	0	0	0.0	nan	0	0	0	0	35088507
RSS0001630	45803251	0	1878568	0	0	0	0	0	45803251	0	100.0	nan	43924683	0	21940944	0	21983739	0	43924683	0	100.0	nan	43924683	0	0	0	0.0	nan	0	0	0	0	45803251
RSS0001631	31680077	0	1258634	0	0	0	0	0	31680077	0	100.0	nan	30421443	0	15197152	0	15224291	0	30421443	0	100.0	nan	30421443	0	0	0	0.0	nan	0	0	0	0	31680077
RSS0001632	40689729	0	1675965	0	0	0	0	0	40689729	0	100.0	nan	39013764	0	19488523	0	19525241	0	39013764	0	100.0	nan	39013764	0	0	0	0.0	nan	0	0	0	0	40689729
RSS0001633	33639573	0	1540471	0	0	0	0	0	33639573	0	100.0	nan	32099102	0	16034680	0	16064422	0	32099102	0	100.0	nan	32099102	0	0	0	0.0	nan	0	0	0	0	33639573
RSS0001634	39369038	0	1625228	0	0	0	0	0	39369038	0	100.0	nan	37743810	0	18853958	0	18889852	0	37743810	0	100.0	nan	37743810	0	0	0	0.0	nan	0	0	0	0	39369038
RSS0001635	36851613	0	1503510	0	0	0	0	0	36851613	0	100.0	nan	35348103	0	17657143	0	17690960	0	35348103	0	100.0	nan	35348103	0	0	0	0.0	nan	0	0	0	0	36851613
RSS0001636	42130508	0	1678599	0	0	0	0	0	42130508	0	100.0	nan	40451909	0	20206812	0	20245097	0	40451909	0	100.0	nan	40451909	0	0	0	0.0	nan	0	0	0	0	42130508
RSS0001637	31603322	0	1249839	0	0	0	0	0	31603322	0	100.0	nan	30353483	0	15162750	0	15190733	0	30353483	0	100.0	nan	30353483	0	0	0	0.0	nan	0	0	0	0	31603322
RSS0001638	37305047	0	1490000	0	0	0	0	0	37305047	0	100.0	nan	35815047	0	17891049	0	17923998	0	35815047	0	100.0	nan	35815047	0	0	0	0.0	nan	0	0	0	0	37305047
RSS0001639	34124621	0	1337061	0	0	0	0	0	34124621	0	100.0	nan	32787560	0	16378748	0	16408812	0	32787560	0	100.0	nan	32787560	0	0	0	0.0	nan	0	0	0	0	34124621
RSS0001640	29614601	0	1173311	0	0	0	0	0	29614601	0	100.0	nan	28441290	0	14208120	0	14233170	0	28441290	0	100.0	nan	28441290	0	0	0	0.0	nan	0	0	0	0	29614601
RSS0001641	38244026	0	1811440	0	0	0	0	0	38244026	0	100.0	nan	36432586	0	18197836	0	18234750	0	36432586	0	100.0	nan	36432586	0	0	0	0.0	nan	0	0	0	0	38244026
RSS0001642	35336735	0	1455232	0	0	0	0	0	35336735	0	100.0	nan	33881503	0	16924626	0	16956877	0	33881503	0	100.0	nan	33881503	0	0	0	0.0	nan	0	0	0	0	35336735
RSS0001643	26268782	0	1034567	0	0	0	0	0	26268782	0	100.0	nan	25234215	0	12605855	0	12628360	0	25234215	0	100.0	nan	25234215	0	0	0	0.0	nan	0	0	0	0	26268782
RSS0001644	37153801	0	1503713	0	0	0	0	0	37153801	0	100.0	nan	35650088	0	17808811	0	17841277	0	35650088	0	100.0	nan	35650088	0	0	0	0.0	nan	0	0	0	0	37153801
RSS0001645	23801781	0	927909	0	0	0	0	0	23801781	0	100.0	nan	22873872	0	11426984	0	11446888	0	22873872	0	100.0	nan	22873872	0	0	0	0.0	nan	0	0	0	0	23801781
RSS0001646	33793984	0	1348408	0	0	0	0	0	33793984	0	100.0	nan	32445576	0	16208402	0	16237174	0	32445576	0	100.0	nan	32445576	0	0	0	0.0	nan	0	0	0	0	33793984
RSS0001647	24634895	0	974930	0	0	0	0	0	24634895	0	100.0	nan	23659965	0	11819848	0	11840117	0	23659965	0	100.0	nan	23659965	0	0	0	0.0	nan	0	0	0	0	24634895
RSS0001648	24166921	0	999531	0	0	0	0	0	24166921	0	100.0	nan	23167390	0	11573080	0	11594310	0	23167390	0	100.0	nan	23167390	0	0	0	0.0	nan	0	0	0	0	24166921
RSS0001649	35453239	0	4147022	0	0	0	0	0	35453239	0	100.0	nan	31306217	0	15631821	0	15674396	0	31306217	0	100.0	nan	31306217	0	0	0	0.0	nan	0	0	0	0	35453239
RSS0001650	34082377	0	1634415	0	0	0	0	0	34082377	0	100.0	nan	32447962	0	16208904	0	16239058	0	32447962	0	100.0	nan	32447962	0	0	0	0.0	nan	0	0	0	0	34082377
RSS0001651	33402640	0	1390589	0	0	0	0	0	33402640	0	100.0	nan	32012051	0	15991767	0	16020284	0	32012051	0	100.0	nan	32012051	0	0	0	0.0	nan	0	0	0	0	33402640
RSS0001652	28262095	0	1677855	0	0	0	0	0	28262095	0	100.0	nan	26584240	0	13280285	0	13303955	0	26584240	0	100.0	nan	26584240	0	0	0	0.0	nan	0	0	0	0	28262095
RSS0001653	30861034	0	1243882	0	0	0	0	0	30861034	0	100.0	nan	29617152	0	14794872	0	14822280	0	29617152	0	100.0	nan	29617152	0	0	0	0.0	nan	0	0	0	0	30861034
RSS0001654	29950754	0	1257317	0	0	0	0	0	29950754	0	100.0	nan	28693437	0	14333359	0	14360078	0	28693437	0	100.0	nan	28693437	0	0	0	0.0	nan	0	0	0	0	29950754
RSS0001655	33024346	0	1370225	0	0	0	0	0	33024346	0	100.0	nan	31654121	0	15812627	0	15841494	0	31654121	0	100.0	nan	31654121	0	0	0	0.0	nan	0	0	0	0	33024346
RSS0001656	27185833	0	1253067	0	0	0	0	0	27185833	0	100.0	nan	25932766	0	12954043	0	12978723	0	25932766	0	100.0	nan	25932766	0	0	0	0.0	nan	0	0	0	0	27185833
RSS0001657	23635735	0	1033649	0	0	0	0	0	23635735	0	100.0	nan	22602086	0	11290849	0	11311237	0	22602086	0	100.0	nan	22602086	0	0	0	0.0	nan	0	0	0	0	23635735
RSS0001658	37799954	0	1560753	0	0	0	0	0	37799954	0	100.0	nan	36239201	0	18101664	0	18137537	0	36239201	0	100.0	nan	36239201	0	0	0	0.0	nan	0	0	0	0	37799954
RSS0001659	37405579	0	1477088	0	0	0	0	0	37405579	0	100.0	nan	35928491	0	17946253	0	17982238	0	35928491	0	100.0	nan	35928491	0	0	0	0.0	nan	0	0	0	0	37405579
RSS0001660	27463255	0	1082040	0	0	0	0	0	27463255	0	100.0	nan	26381215	0	13178050	0	13203165	0	26381215	0	100.0	nan	26381215	0	0	0	0.0	nan	0	0	0	0	27463255
RSS0001661	32240941	0	1328231	0	0	0	0	0	32240941	0	100.0	nan	30912710	0	15440764	0	15471946	0	30912710	0	100.0	nan	30912710	0	0	0	0.0	nan	0	0	0	0	32240941
RSS0001662	39137419	0	1618101	0	0	0	0	0	39137419	0	100.0	nan	37519318	0	18741044	0	18778274	0	37519318	0	100.0	nan	37519318	0	0	0	0.0	nan	0	0	0	0	39137419
RSS0001663	23244849	0	1000928	0	0	0	0	0	23244849	0	100.0	nan	22243921	0	11111851	0	11132070	0	22243921	0	100.0	nan	22243921	0	0	0	0.0	nan	0	0	0	0	23244849
RSS0001664	35427391	0	1893297	0	0	0	0	0	35427391	0	100.0	nan	33534094	0	16749724	0	16784370	0	33534094	0	100.0	nan	33534094	0	0	0	0.0	nan	0	0	0	0	35427391
RSS0001665	23518730	0	938587	0	0	0	0	0	23518730	0	100.0	nan	22580143	0	11279570	0	11300573	0	22580143	0	100.0	nan	22580143	0	0	0	0.0	nan	0	0	0	0	23518730
RSS0001666	38417865	0	1515620	0	0	0	0	0	38417865	0	100.0	nan	36902245	0	18433360	0	18468885	0	36902245	0	100.0	nan	36902245	0	0	0	0.0	nan	0	0	0	0	38417865
RSS0001667	38504266	0	1503180	0	0	0	0	0	38504266	0	100.0	nan	37001086	0	18482748	0	18518338	0	37001086	0	100.0	nan	37001086	0	0	0	0.0	nan	0	0	0	0	38504266
RSS0001668	33026674	0	1326946	0	0	0	0	0	33026674	0	100.0	nan	31699728	0	15834105	0	15865623	0	31699728	0	100.0	nan	31699728	0	0	0	0.0	nan	0	0	0	0	33026674
RSS0001669	29271661	0	1180068	0	0	0	0	0	29271661	0	100.0	nan	28091593	0	14032572	0	14059021	0	28091593	0	100.0	nan	28091593	0	0	0	0.0	nan	0	0	0	0	29271661
RSS0001670	22192624	0	899560	0	0	0	0	0	22192624	0	100.0	nan	21293064	0	10637323	0	10655741	0	21293064	0	100.0	nan	21293064	0	0	0	0.0	nan	0	0	0	0	22192624
RSS0001671	22831198	0	897006	0	0	0	0	0	22831198	0	100.0	nan	21934192	0	10957387	0	10976805	0	21934192	0	100.0	nan	21934192	0	0	0	0.0	nan	0	0	0	0	22831198
RSS0001672	21316099	0	994648	0	0	0	0	0	21316099	0	100.0	nan	20321451	0	10151383	0	10170068	0	20321451	0	100.0	nan	20321451	0	0	0	0.0	nan	0	0	0	0	21316099
RSS0001673	27630810	0	1109528	0	0	0	0	0	27630810	0	100.0	nan	26521282	0	13247651	0	13273631	0	26521282	0	100.0	nan	26521282	0	0	0	0.0	nan	0	0	0	0	27630810
RSS0001674	41342752	0	1642799	0	0	0	0	0	41342752	0	100.0	nan	39699953	0	19829525	0	19870428	0	39699953	0	100.0	nan	39699953	0	0	0	0.0	nan	0	0	0	0	41342752
RSS0001675	33833691	0	1312078	0	0	0	0	0	33833691	0	100.0	nan	32521613	0	16244708	0	16276905	0	32521613	0	100.0	nan	32521613	0	0	0	0.0	nan	0	0	0	0	33833691
RSS0001676	33065339	0	1309364	0	0	0	0	0	33065339	0	100.0	nan	31755975	0	15862073	0	15893902	0	31755975	0	100.0	nan	31755975	0	0	0	0.0	nan	0	0	0	0	33065339
RSS0001677	38161887	0	1537494	0	0	0	0	0	38161887	0	100.0	nan	36624393	0	18293683	0	18330710	0	36624393	0	100.0	nan	36624393	0	0	0	0.0	nan	0	0	0	0	38161887
RSS0001678	30529748	0	1195805	0	0	0	0	0	30529748	0	100.0	nan	29333943	0	14652341	0	14681602	0	29333943	0	100.0	nan	29333943	0	0	0	0.0	nan	0	0	0	0	30529748
RSS0001679	27758439	0	1099688	0	0	0	0	0	27758439	0	100.0	nan	26658751	0	13316955	0	13341796	0	26658751	0	100.0	nan	26658751	0	0	0	0.0	nan	0	0	0	0	27758439
RSS0001680	32028898	0	1487101	0	0	0	0	0	32028898	0	100.0	nan	30541797	0	15255771	0	15286026	0	30541797	0	100.0	nan	30541797	0	0	0	0.0	nan	0	0	0	0	32028898
RSS0001681	25385199	0	1487486	0	0	0	0	0	25385199	0	100.0	nan	23897713	0	11937879	0	11959834	0	23897713	0	100.0	nan	23897713	0	0	0	0.0	nan	0	0	0	0	25385199
RSS0001682	33926104	0	1415783	0	0	0	0	0	33926104	0	100.0	nan	32510321	0	16238122	0	16272199	0	32510321	0	100.0	nan	32510321	0	0	0	0.0	nan	0	0	0	0	33926104
RSS0001683	37317271	0	1464272	0	0	0	0	0	37317271	0	100.0	nan	35852999	0	17908980	0	17944019	0	35852999	0	100.0	nan	35852999	0	0	0	0.0	nan	0	0	0	0	37317271
RSS0001684	34832907	0	1360129	0	0	0	0	0	34832907	0	100.0	nan	33472778	0	16720422	0	16752356	0	33472778	0	100.0	nan	33472778	0	0	0	0.0	nan	0	0	0	0	34832907
RSS0001685	31563787	0	1238935	0	0	0	0	0	31563787	0	100.0	nan	30324852	0	15148449	0	15176403	0	30324852	0	100.0	nan	30324852	0	0	0	0.0	nan	0	0	0	0	31563787
RSS0001686	31756394	0	1262836	0	0	0	0	0	31756394	0	100.0	nan	30493558	0	15232568	0	15260990	0	30493558	0	100.0	nan	30493558	0	0	0	0.0	nan	0	0	0	0	31756394
RSS0001687	30090360	0	1171480	0	0	0	0	0	30090360	0	100.0	nan	28918880	0	14446013	0	14472867	0	28918880	0	100.0	nan	28918880	0	0	0	0.0	nan	0	0	0	0	30090360
RSS0001688	24447312	0	1099238	0	0	0	0	0	24447312	0	100.0	nan	23348074	0	11663110	0	11684964	0	23348074	0	100.0	nan	23348074	0	0	0	0.0	nan	0	0	0	0	24447312
RSS0001689	33650492	0	1337252	0	0	0	0	0	33650492	0	100.0	nan	32313240	0	16141010	0	16172230	0	32313240	0	100.0	nan	32313240	0	0	0	0.0	nan	0	0	0	0	33650492
RSS0001690	40633148	0	1635860	0	0	0	0	0	40633148	0	100.0	nan	38997288	0	19479339	0	19517949	0	38997288	0	100.0	nan	38997288	0	0	0	0.0	nan	0	0	0	0	40633148
RSS0001691	38817050	0	1540394	0	0	0	0	0	38817050	0	100.0	nan	37276656	0	18620431	0	18656225	0	37276656	0	100.0	nan	37276656	0	0	0	0.0	nan	0	0	0	0	38817050
RSS0001692	36750936	0	1486590	0	0	0	0	0	36750936	0	100.0	nan	35264346	0	17614808	0	17649538	0	35264346	0	100.0	nan	35264346	0	0	0	0.0	nan	0	0	0	0	36750936
RSS0001693	43970020	0	1749618	0	0	0	0	0	43970020	0	100.0	nan	42220402	0	21088385	0	21132017	0	42220402	0	100.0	nan	42220402	0	0	0	0.0	nan	0	0	0	0	43970020
RSS0001694	29795774	0	1204263	0	0	0	0	0	29795774	0	100.0	nan	28591511	0	14282113	0	14309398	0	28591511	0	100.0	nan	28591511	0	0	0	0.0	nan	0	0	0	0	29795774
RSS0001695	28155293	0	1116782	0	0	0	0	0	28155293	0	100.0	nan	27038511	0	13506929	0	13531582	0	27038511	0	100.0	nan	27038511	0	0	0	0.0	nan	0	0	0	0	28155293
RSS0001696	32311901	0	1324654	0	0	0	0	0	32311901	0	100.0	nan	30987247	0	15479135	0	15508112	0	30987247	0	100.0	nan	30987247	0	0	0	0.0	nan	0	0	0	0	32311901
RSS0001697	40146599	0	1597177	0	0	0	0	0	40146599	0	100.0	nan	38549422	0	19256050	0	19293372	0	38549422	0	100.0	nan	38549422	0	0	0	0.0	nan	0	0	0	0	40146599
RSS0001698	36556576	0	1486997	0	0	0	0	0	36556576	0	100.0	nan	35069579	0	17518312	0	17551267	0	35069579	0	100.0	nan	35069579	0	0	0	0.0	nan	0	0	0	0	36556576
RSS0001699	36729249	0	1459199	0	0	0	0	0	36729249	0	100.0	nan	35270050	0	17618371	0	17651679	0	35270050	0	100.0	nan	35270050	0	0	0	0.0	nan	0	0	0	0	36729249
RSS0001700	38110169	0	1624361	0	0	0	0	0	38110169	0	100.0	nan	36485808	0	18223638	0	18262170	0	36485808	0	100.0	nan	36485808	0	0	0	0.0	nan	0	0	0	0	38110169
RSS0001701	33108077	0	1433826	0	0	0	0	0	33108077	0	100.0	nan	31674251	0	15821599	0	15852652	0	31674251	0	100.0	nan	31674251	0	0	0	0.0	nan	0	0	0	0	33108077
RSS0001702	33284140	0	1425295	0	0	0	0	0	33284140	0	100.0	nan	31858845	0	15913762	0	15945083	0	31858845	0	100.0	nan	31858845	0	0	0	0.0	nan	0	0	0	0	33284140
RSS0001703	28581545	0	1133118	0	0	0	0	0	28581545	0	100.0	nan	27448427	0	13712099	0	13736328	0	27448427	0	100.0	nan	27448427	0	0	0	0.0	nan	0	0	0	0	28581545
RSS0001704	34091945	0	1406722	0	0	0	0	0	34091945	0	100.0	nan	32685223	0	16327544	0	16357679	0	32685223	0	100.0	nan	32685223	0	0	0	0.0	nan	0	0	0	0	34091945
RSS0001706	35341476	0	1440758	0	0	0	0	0	35341476	0	100.0	nan	33900718	0	16933415	0	16967303	0	33900718	0	100.0	nan	33900718	0	0	0	0.0	nan	0	0	0	0	35341476
RSS0001707	35099047	0	1526084	0	0	0	0	0	35099047	0	100.0	nan	33572963	0	16768749	0	16804214	0	33572963	0	100.0	nan	33572963	0	0	0	0.0	nan	0	0	0	0	35099047
RSS0001708	32961388	0	1470600	0	0	0	0	0	32961388	0	100.0	nan	31490788	0	15728342	0	15762446	0	31490788	0	100.0	nan	31490788	0	0	0	0.0	nan	0	0	0	0	32961388
RSS0001709	37753500	0	1485759	0	0	0	0	0	37753500	0	100.0	nan	36267741	0	18116596	0	18151145	0	36267741	0	100.0	nan	36267741	0	0	0	0.0	nan	0	0	0	0	37753500
RSS0001710	33209637	0	1365974	0	0	0	0	0	33209637	0	100.0	nan	31843663	0	15906650	0	15937013	0	31843663	0	100.0	nan	31843663	0	0	0	0.0	nan	0	0	0	0	33209637
RSS0001711	36630357	0	1465719	0	0	0	0	0	36630357	0	100.0	nan	35164638	0	17566248	0	17598390	0	35164638	0	100.0	nan	35164638	0	0	0	0.0	nan	0	0	0	0	36630357
RSS0001712	29143398	0	1331005	0	0	0	0	0	29143398	0	100.0	nan	27812393	0	13892787	0	13919606	0	27812393	0	100.0	nan	27812393	0	0	0	0.0	nan	0	0	0	0	29143398
RSS0001713	34678256	0	1445359	0	0	0	0	0	34678256	0	100.0	nan	33232897	0	16599030	0	16633867	0	33232897	0	100.0	nan	33232897	0	0	0	0.0	nan	0	0	0	0	34678256
RSS0001714	39595773	0	1597793	0	0	0	0	0	39595773	0	100.0	nan	37997980	0	18980149	0	19017831	0	37997980	0	100.0	nan	37997980	0	0	0	0.0	nan	0	0	0	0	39595773
RSS0001717	38515381	0	1531907	0	0	0	0	0	38515381	0	100.0	nan	36983474	0	18474681	0	18508793	0	36983474	0	100.0	nan	36983474	0	0	0	0.0	nan	0	0	0	0	38515381
RSS0001718	37756997	0	1588365	0	0	0	0	0	37756997	0	100.0	nan	36168632	0	18065920	0	18102712	0	36168632	0	100.0	nan	36168632	0	0	0	0.0	nan	0	0	0	0	37756997
RSS0001719	32612159	0	1307841	0	0	0	0	0	32612159	0	100.0	nan	31304318	0	15637794	0	15666524	0	31304318	0	100.0	nan	31304318	0	0	0	0.0	nan	0	0	0	0	32612159
RSS0001720	31666037	0	1285109	0	0	0	0	0	31666037	0	100.0	nan	30380928	0	15176316	0	15204612	0	30380928	0	100.0	nan	30380928	0	0	0	0.0	nan	0	0	0	0	31666037
RSS0001721	31120060	0	1276618	0	0	0	0	0	31120060	0	100.0	nan	29843442	0	14907616	0	14935826	0	29843442	0	100.0	nan	29843442	0	0	0	0.0	nan	0	0	0	0	31120060
RSS0001722	38049584	0	1539106	0	0	0	0	0	38049584	0	100.0	nan	36510478	0	18237739	0	18272739	0	36510478	0	100.0	nan	36510478	0	0	0	0.0	nan	0	0	0	0	38049584
RSS0001723	11065575	0	822881	0	0	0	0	0	11065575	0	100.0	nan	10242694	0	5113066	0	5129628	0	10242694	0	100.0	nan	10242694	0	0	0	0.0	nan	0	0	0	0	11065575
RSS0001724	36372907	0	1570245	0	0	0	0	0	36372907	0	100.0	nan	34802662	0	17383220	0	17419442	0	34802662	0	100.0	nan	34802662	0	0	0	0.0	nan	0	0	0	0	36372907
RSS0001725	37400919	0	1498810	0	0	0	0	0	37400919	0	100.0	nan	35902109	0	17933634	0	17968475	0	35902109	0	100.0	nan	35902109	0	0	0	0.0	nan	0	0	0	0	37400919
RSS0001726	31249505	0	1262827	0	0	0	0	0	31249505	0	100.0	nan	29986678	0	14979132	0	15007546	0	29986678	0	100.0	nan	29986678	0	0	0	0.0	nan	0	0	0	0	31249505
RSS0001727	36596970	0	1442167	0	0	0	0	0	36596970	0	100.0	nan	35154803	0	17561318	0	17593485	0	35154803	0	100.0	nan	35154803	0	0	0	0.0	nan	0	0	0	0	36596970
RSS0001728	30527831	0	1259923	0	0	0	0	0	30527831	0	100.0	nan	29267908	0	14620328	0	14647580	0	29267908	0	100.0	nan	29267908	0	0	0	0.0	nan	0	0	0	0	30527831
RSS0001729	32798388	0	1449750	0	0	0	0	0	32798388	0	100.0	nan	31348638	0	15657778	0	15690860	0	31348638	0	100.0	nan	31348638	0	0	0	0.0	nan	0	0	0	0	32798388
RSS0001730	35758013	0	1564266	0	0	0	0	0	35758013	0	100.0	nan	34193747	0	17075811	0	17117936	0	34193747	0	100.0	nan	34193747	0	0	0	0.0	nan	0	0	0	0	35758013
RSS0001731	33859424	0	1414614	0	0	0	0	0	33859424	0	100.0	nan	32444810	0	16206149	0	16238661	0	32444810	0	100.0	nan	32444810	0	0	0	0.0	nan	0	0	0	0	33859424
RSS0001732	30415131	0	1474665	0	0	0	0	0	30415131	0	100.0	nan	28940466	0	14452173	0	14488293	0	28940466	0	100.0	nan	28940466	0	0	0	0.0	nan	0	0	0	0	30415131
RSS0001733	37893832	0	1513798	0	0	0	0	0	37893832	0	100.0	nan	36380034	0	18171849	0	18208185	0	36380034	0	100.0	nan	36380034	0	0	0	0.0	nan	0	0	0	0	37893832
RSS0001734	33389147	0	1352591	0	0	0	0	0	33389147	0	100.0	nan	32036556	0	16003276	0	16033280	0	32036556	0	100.0	nan	32036556	0	0	0	0.0	nan	0	0	0	0	33389147
RSS0001735	35395124	0	1402786	0	0	0	0	0	35395124	0	100.0	nan	33992338	0	16979905	0	17012433	0	33992338	0	100.0	nan	33992338	0	0	0	0.0	nan	0	0	0	0	35395124
RSS0001736	29017096	0	1182658	0	0	0	0	0	29017096	0	100.0	nan	27834438	0	13904231	0	13930207	0	27834438	0	100.0	nan	27834438	0	0	0	0.0	nan	0	0	0	0	29017096
RSS0001737	34424256	0	1432900	0	0	0	0	0	34424256	0	100.0	nan	32991356	0	16480128	0	16511228	0	32991356	0	100.0	nan	32991356	0	0	0	0.0	nan	0	0	0	0	34424256
RSS0001738	39206077	0	1596721	0	0	0	0	0	39206077	0	100.0	nan	37609356	0	18786082	0	18823274	0	37609356	0	100.0	nan	37609356	0	0	0	0.0	nan	0	0	0	0	39206077
RSS0001739	32818067	0	1374751	0	0	0	0	0	32818067	0	100.0	nan	31443316	0	15706693	0	15736623	0	31443316	0	100.0	nan	31443316	0	0	0	0.0	nan	0	0	0	0	32818067
RSS0001740	32238645	0	1364050	0	0	0	0	0	32238645	0	100.0	nan	30874595	0	15422702	0	15451893	0	30874595	0	100.0	nan	30874595	0	0	0	0.0	nan	0	0	0	0	32238645
RSS0001741	36662210	0	1465340	0	0	0	0	0	36662210	0	100.0	nan	35196870	0	17581495	0	17615375	0	35196870	0	100.0	nan	35196870	0	0	0	0.0	nan	0	0	0	0	36662210
RSS0001742	32815173	0	1310293	0	0	0	0	0	32815173	0	100.0	nan	31504880	0	15737830	0	15767050	0	31504880	0	100.0	nan	31504880	0	0	0	0.0	nan	0	0	0	0	32815173
RSS0001743	33260628	0	1310534	0	0	0	0	0	33260628	0	100.0	nan	31950094	0	15960798	0	15989296	0	31950094	0	100.0	nan	31950094	0	0	0	0.0	nan	0	0	0	0	33260628
RSS0001744	24064010	0	1087611	0	0	0	0	0	24064010	0	100.0	nan	22976399	0	11477623	0	11498776	0	22976399	0	100.0	nan	22976399	0	0	0	0.0	nan	0	0	0	0	24064010
RSS0001745	26064092	0	1294078	0	0	0	0	0	26064092	0	100.0	nan	24770014	0	12371202	0	12398812	0	24770014	0	100.0	nan	24770014	0	0	0	0.0	nan	0	0	0	0	26064092
RSS0001746	21871670	0	922221	0	0	0	0	0	21871670	0	100.0	nan	20949449	0	10465562	0	10483887	0	20949449	0	100.0	nan	20949449	0	0	0	0.0	nan	0	0	0	0	21871670
RSS0001747	28058008	0	1406451	0	0	0	0	0	28058008	0	100.0	nan	26651557	0	13306171	0	13345386	0	26651557	0	100.0	nan	26651557	0	0	0	0.0	nan	0	0	0	0	28058008
RSS0001748	34554125	0	1502608	0	0	0	0	0	34554125	0	100.0	nan	33051517	0	16509140	0	16542377	0	33051517	0	100.0	nan	33051517	0	0	0	0.0	nan	0	0	0	0	34554125
RSS0001749	36274262	0	1527513	0	0	0	0	0	36274262	0	100.0	nan	34746749	0	17355689	0	17391060	0	34746749	0	100.0	nan	34746749	0	0	0	0.0	nan	0	0	0	0	36274262
RSS0001750	23858832	0	1046934	0	0	0	0	0	23858832	0	100.0	nan	22811898	0	11395813	0	11416085	0	22811898	0	100.0	nan	22811898	0	0	0	0.0	nan	0	0	0	0	23858832
RSS0001751	32710215	0	1487575	0	0	0	0	0	32710215	0	100.0	nan	31222640	0	15597594	0	15625046	0	31222640	0	100.0	nan	31222640	0	0	0	0.0	nan	0	0	0	0	32710215
RSS0001752	33744041	0	1654821	0	0	0	0	0	33744041	0	100.0	nan	32089220	0	16028958	0	16060262	0	32089220	0	100.0	nan	32089220	0	0	0	0.0	nan	0	0	0	0	33744041
RSS0001753	36481129	0	1483594	0	0	0	0	0	36481129	0	100.0	nan	34997535	0	17482181	0	17515354	0	34997535	0	100.0	nan	34997535	0	0	0	0.0	nan	0	0	0	0	36481129
RSS0001754	36398926	0	1438360	0	0	0	0	0	36398926	0	100.0	nan	34960566	0	17462450	0	17498116	0	34960566	0	100.0	nan	34960566	0	0	0	0.0	nan	0	0	0	0	36398926
RSS0001755	29252375	0	1160725	0	0	0	0	0	29252375	0	100.0	nan	28091650	0	14032200	0	14059450	0	28091650	0	100.0	nan	28091650	0	0	0	0.0	nan	0	0	0	0	29252375
RSS0001756	26181913	0	1052108	0	0	0	0	0	26181913	0	100.0	nan	25129805	0	12552816	0	12576989	0	25129805	0	100.0	nan	25129805	0	0	0	0.0	nan	0	0	0	0	26181913
RSS0001757	30291117	0	1402421	0	0	0	0	0	30291117	0	100.0	nan	28888696	0	14428902	0	14459794	0	28888696	0	100.0	nan	28888696	0	0	0	0.0	nan	0	0	0	0	30291117
RSS0001758	32778810	0	1364354	0	0	0	0	0	32778810	0	100.0	nan	31414456	0	15692041	0	15722415	0	31414456	0	100.0	nan	31414456	0	0	0	0.0	nan	0	0	0	0	32778810
RSS0001759	29050002	0	1423935	0	0	0	0	0	29050002	0	100.0	nan	27626067	0	13799789	0	13826278	0	27626067	0	100.0	nan	27626067	0	0	0	0.0	nan	0	0	0	0	29050002
RSS0001760	25545323	0	1515726	0	0	0	0	0	25545323	0	100.0	nan	24029597	0	12002278	0	12027319	0	24029597	0	100.0	nan	24029597	0	0	0	0.0	nan	0	0	0	0	25545323
RSS0001761	27949677	0	1112641	0	0	0	0	0	27949677	0	100.0	nan	26837036	0	13405945	0	13431091	0	26837036	0	100.0	nan	26837036	0	0	0	0.0	nan	0	0	0	0	27949677
RSS0001762	34362452	0	1812184	0	0	0	0	0	34362452	0	100.0	nan	32550268	0	16249692	0	16300576	0	32550268	0	100.0	nan	32550268	0	0	0	0.0	nan	0	0	0	0	34362452
RSS0001763	33791276	0	1351150	0	0	0	0	0	33791276	0	100.0	nan	32440126	0	16203753	0	16236373	0	32440126	0	100.0	nan	32440126	0	0	0	0.0	nan	0	0	0	0	33791276
RSS0001764	30196746	0	1259321	0	0	0	0	0	30196746	0	100.0	nan	28937425	0	14454597	0	14482828	0	28937425	0	100.0	nan	28937425	0	0	0	0.0	nan	0	0	0	0	30196746
RSS0001765	29446612	0	1460528	0	0	0	0	0	29446612	0	100.0	nan	27986084	0	13978882	0	14007202	0	27986084	0	100.0	nan	27986084	0	0	0	0.0	nan	0	0	0	0	29446612
RSS0001766	29167308	0	1234223	0	0	0	0	0	29167308	0	100.0	nan	27933085	0	13953423	0	13979662	0	27933085	0	100.0	nan	27933085	0	0	0	0.0	nan	0	0	0	0	29167308
RSS0001767	32311606	0	1649233	0	0	0	0	0	32311606	0	100.0	nan	30662373	0	15315745	0	15346628	0	30662373	0	100.0	nan	30662373	0	0	0	0.0	nan	0	0	0	0	32311606
RSS0001768	26809243	0	1576244	0	0	0	0	0	26809243	0	100.0	nan	25232999	0	12602484	0	12630515	0	25232999	0	100.0	nan	25232999	0	0	0	0.0	nan	0	0	0	0	26809243
RSS0001769	33129506	0	1315125	0	0	0	0	0	33129506	0	100.0	nan	31814381	0	15892276	0	15922105	0	31814381	0	100.0	nan	31814381	0	0	0	0.0	nan	0	0	0	0	33129506
RSS0001770	33152895	0	1294061	0	0	0	0	0	33152895	0	100.0	nan	31858834	0	15914262	0	15944572	0	31858834	0	100.0	nan	31858834	0	0	0	0.0	nan	0	0	0	0	33152895
RSS0001771	33563915	0	1307794	0	0	0	0	0	33563915	0	100.0	nan	32256121	0	16112337	0	16143784	0	32256121	0	100.0	nan	32256121	0	0	0	0.0	nan	0	0	0	0	33563915
RSS0001772	31942878	0	1266173	0	0	0	0	0	31942878	0	100.0	nan	30676705	0	15323456	0	15353249	0	30676705	0	100.0	nan	30676705	0	0	0	0.0	nan	0	0	0	0	31942878
RSS0001773	34224246	0	1417542	0	0	0	0	0	34224246	0	100.0	nan	32806704	0	16389019	0	16417685	0	32806704	0	100.0	nan	32806704	0	0	0	0.0	nan	0	0	0	0	34224246
RSS0001774	26947577	0	1074462	0	0	0	0	0	26947577	0	100.0	nan	25873115	0	12924849	0	12948266	0	25873115	0	100.0	nan	25873115	0	0	0	0.0	nan	0	0	0	0	26947577
RSS0001775	24470213	0	969504	0	0	0	0	0	24470213	0	100.0	nan	23500709	0	11739771	0	11760938	0	23500709	0	100.0	nan	23500709	0	0	0	0.0	nan	0	0	0	0	24470213
RSS0001776	28381033	0	1283356	0	0	0	0	0	28381033	0	100.0	nan	27097677	0	13536091	0	13561586	0	27097677	0	100.0	nan	27097677	0	0	0	0.0	nan	0	0	0	0	28381033
RSS0001777	37130804	0	1497395	0	0	0	0	0	37130804	0	100.0	nan	35633409	0	17799827	0	17833582	0	35633409	0	100.0	nan	35633409	0	0	0	0.0	nan	0	0	0	0	37130804
RSS0001778	31087392	0	1245135	0	0	0	0	0	31087392	0	100.0	nan	29842257	0	14906307	0	14935950	0	29842257	0	100.0	nan	29842257	0	0	0	0.0	nan	0	0	0	0	31087392
RSS0001779	36662124	0	1461081	0	0	0	0	0	36662124	0	100.0	nan	35201043	0	17583220	0	17617823	0	35201043	0	100.0	nan	35201043	0	0	0	0.0	nan	0	0	0	0	36662124
RSS0001780	31873556	0	1273726	0	0	0	0	0	31873556	0	100.0	nan	30599830	0	15285688	0	15314142	0	30599830	0	100.0	nan	30599830	0	0	0	0.0	nan	0	0	0	0	31873556
RSS0001781	32520232	0	1293129	0	0	0	0	0	32520232	0	100.0	nan	31227103	0	15598711	0	15628392	0	31227103	0	100.0	nan	31227103	0	0	0	0.0	nan	0	0	0	0	32520232
RSS0001782	36620216	0	1478302	0	0	0	0	0	36620216	0	100.0	nan	35141914	0	17554110	0	17587804	0	35141914	0	100.0	nan	35141914	0	0	0	0.0	nan	0	0	0	0	36620216
RSS0001783	35277281	0	1413803	0	0	0	0	0	35277281	0	100.0	nan	33863478	0	16915855	0	16947623	0	33863478	0	100.0	nan	33863478	0	0	0	0.0	nan	0	0	0	0	35277281
RSS0001784	33766252	0	1477959	0	0	0	0	0	33766252	0	100.0	nan	32288293	0	16128373	0	16159920	0	32288293	0	100.0	nan	32288293	0	0	0	0.0	nan	0	0	0	0	33766252
RSS0001785	39834601	0	1566478	0	0	0	0	0	39834601	0	100.0	nan	38268123	0	19114197	0	19153926	0	38268123	0	100.0	nan	38268123	0	0	0	0.0	nan	0	0	0	0	39834601
RSS0001786	39745457	0	1546874	0	0	0	0	0	39745457	0	100.0	nan	38198583	0	19080950	0	19117633	0	38198583	0	100.0	nan	38198583	0	0	0	0.0	nan	0	0	0	0	39745457
RSS0001787	32507377	0	1284597	0	0	0	0	0	32507377	0	100.0	nan	31222780	0	15597045	0	15625735	0	31222780	0	100.0	nan	31222780	0	0	0	0.0	nan	0	0	0	0	32507377
RSS0001788	38564572	0	1528557	0	0	0	0	0	38564572	0	100.0	nan	37036015	0	18501181	0	18534834	0	37036015	0	100.0	nan	37036015	0	0	0	0.0	nan	0	0	0	0	38564572
RSS0001789	31444447	0	1300785	0	0	0	0	0	31444447	0	100.0	nan	30143662	0	15057993	0	15085669	0	30143662	0	100.0	nan	30143662	0	0	0	0.0	nan	0	0	0	0	31444447
RSS0001790	35457084	0	1428598	0	0	0	0	0	35457084	0	100.0	nan	34028486	0	16998830	0	17029656	0	34028486	0	100.0	nan	34028486	0	0	0	0.0	nan	0	0	0	0	35457084
RSS0001791	32886241	0	1375922	0	0	0	0	0	32886241	0	100.0	nan	31510319	0	15740417	0	15769902	0	31510319	0	100.0	nan	31510319	0	0	0	0.0	nan	0	0	0	0	32886241
RSS0001792	29354339	0	1237817	0	0	0	0	0	29354339	0	100.0	nan	28116522	0	14045174	0	14071348	0	28116522	0	100.0	nan	28116522	0	0	0	0.0	nan	0	0	0	0	29354339
RSS0001793	38261076	0	1542021	0	0	0	0	0	38261076	0	100.0	nan	36719055	0	18341889	0	18377166	0	36719055	0	100.0	nan	36719055	0	0	0	0.0	nan	0	0	0	0	38261076
RSS0001794	38087111	0	1505947	0	0	0	0	0	38087111	0	100.0	nan	36581164	0	18272026	0	18309138	0	36581164	0	100.0	nan	36581164	0	0	0	0.0	nan	0	0	0	0	38087111
RSS0001795	38222695	0	1487520	0	0	0	0	0	38222695	0	100.0	nan	36735175	0	18349663	0	18385512	0	36735175	0	100.0	nan	36735175	0	0	0	0.0	nan	0	0	0	0	38222695
RSS0001796	34829283	0	1384587	0	0	0	0	0	34829283	0	100.0	nan	33444696	0	16706447	0	16738249	0	33444696	0	100.0	nan	33444696	0	0	0	0.0	nan	0	0	0	0	34829283
RSS0001797	30729776	0	1355442	0	0	0	0	0	30729776	0	100.0	nan	29374334	0	14673284	0	14701050	0	29374334	0	100.0	nan	29374334	0	0	0	0.0	nan	0	0	0	0	30729776
RSS0001798	28030328	0	1116904	0	0	0	0	0	28030328	0	100.0	nan	26913424	0	13444728	0	13468696	0	26913424	0	100.0	nan	26913424	0	0	0	0.0	nan	0	0	0	0	28030328
RSS0001799	28557978	0	1142151	0	0	0	0	0	28557978	0	100.0	nan	27415827	0	13695374	0	13720453	0	27415827	0	100.0	nan	27415827	0	0	0	0.0	nan	0	0	0	0	28557978
RSS0001800	32978663	0	1358926	0	0	0	0	0	32978663	0	100.0	nan	31619737	0	15794973	0	15824764	0	31619737	0	100.0	nan	31619737	0	0	0	0.0	nan	0	0	0	0	32978663
RSS0001801	42242676	0	1691497	0	0	0	0	0	42242676	0	100.0	nan	40551179	0	20255502	0	20295677	0	40551179	0	100.0	nan	40551179	0	0	0	0.0	nan	0	0	0	0	42242676
RSS0001802	39099567	0	1579210	0	0	0	0	0	39099567	0	100.0	nan	37520357	0	18741837	0	18778520	0	37520357	0	100.0	nan	37520357	0	0	0	0.0	nan	0	0	0	0	39099567
RSS0001803	35995173	0	1451290	0	0	0	0	0	35995173	0	100.0	nan	34543883	0	17256119	0	17287764	0	34543883	0	100.0	nan	34543883	0	0	0	0.0	nan	0	0	0	0	35995173
RSS0001804	37301330	0	1518589	0	0	0	0	0	37301330	0	100.0	nan	35782741	0	17874192	0	17908549	0	35782741	0	100.0	nan	35782741	0	0	0	0.0	nan	0	0	0	0	37301330
RSS0001805	33385657	0	1977951	0	0	0	0	0	33385657	0	100.0	nan	31407706	0	15678360	0	15729346	0	31407706	0	100.0	nan	31407706	0	0	0	0.0	nan	0	0	0	0	33385657
RSS0001806	34337265	0	1802865	0	0	0	0	0	34337265	0	100.0	nan	32534400	0	16243210	0	16291190	0	32534400	0	100.0	nan	32534400	0	0	0	0.0	nan	0	0	0	0	34337265
RSS0001807	29875235	0	1407492	0	0	0	0	0	29875235	0	100.0	nan	28467743	0	14218234	0	14249509	0	28467743	0	100.0	nan	28467743	0	0	0	0.0	nan	0	0	0	0	29875235
RSS0001808	26500290	0	1478542	0	0	0	0	0	26500290	0	100.0	nan	25021748	0	12491541	0	12530207	0	25021748	0	100.0	nan	25021748	0	0	0	0.0	nan	0	0	0	0	26500290
RSS0001809	38273970	0	1561900	0	0	0	0	0	38273970	0	100.0	nan	36712070	0	18337650	0	18374420	0	36712070	0	100.0	nan	36712070	0	0	0	0.0	nan	0	0	0	0	38273970
RSS0001810	37447221	0	1547076	0	0	0	0	0	37447221	0	100.0	nan	35900145	0	17932551	0	17967594	0	35900145	0	100.0	nan	35900145	0	0	0	0.0	nan	0	0	0	0	37447221
RSS0001811	39429098	0	2040420	0	0	0	0	0	39429098	0	100.0	nan	37388678	0	18667607	0	18721071	0	37388678	0	100.0	nan	37388678	0	0	0	0.0	nan	0	0	0	0	39429098
RSS0001812	43998652	0	2129660	0	0	0	0	0	43998652	0	100.0	nan	41868992	0	20906783	0	20962209	0	41868992	0	100.0	nan	41868992	0	0	0	0.0	nan	0	0	0	0	43998652
RSS0001813	34310789	0	1397704	0	0	0	0	0	34310789	0	100.0	nan	32913085	0	16440944	0	16472141	0	32913085	0	100.0	nan	32913085	0	0	0	0.0	nan	0	0	0	0	34310789
RSS0001814	37762936	0	1501339	0	0	0	0	0	37762936	0	100.0	nan	36261597	0	18113195	0	18148402	0	36261597	0	100.0	nan	36261597	0	0	0	0.0	nan	0	0	0	0	37762936
RSS0001815	30818297	0	1236514	0	0	0	0	0	30818297	0	100.0	nan	29581783	0	14776967	0	14804816	0	29581783	0	100.0	nan	29581783	0	0	0	0.0	nan	0	0	0	0	30818297
RSS0001816	28131766	0	1337744	0	0	0	0	0	28131766	0	100.0	nan	26794022	0	13384585	0	13409437	0	26794022	0	100.0	nan	26794022	0	0	0	0.0	nan	0	0	0	0	28131766
RSS0001817	33483457	0	1370813	0	0	0	0	0	33483457	0	100.0	nan	32112644	0	16041116	0	16071528	0	32112644	0	100.0	nan	32112644	0	0	0	0.0	nan	0	0	0	0	33483457
RSS0001819	39594633	0	1620024	0	0	0	0	0	39594633	0	100.0	nan	37974609	0	18967917	0	19006692	0	37974609	0	100.0	nan	37974609	0	0	0	0.0	nan	0	0	0	0	39594633
RSS0001820	41900438	0	1719561	0	0	0	0	0	41900438	0	100.0	nan	40180877	0	20070214	0	20110663	0	40180877	0	100.0	nan	40180877	0	0	0	0.0	nan	0	0	0	0	41900438
RSS0001821	37467846	0	1752663	0	0	0	0	0	37467846	0	100.0	nan	35715183	0	17839604	0	17875579	0	35715183	0	100.0	nan	35715183	0	0	0	0.0	nan	0	0	0	0	37467846
RSS0001822	39260163	0	1613866	0	0	0	0	0	39260163	0	100.0	nan	37646297	0	18805685	0	18840612	0	37646297	0	100.0	nan	37646297	0	0	0	0.0	nan	0	0	0	0	39260163
RSS0001823	24142147	0	1157835	0	0	0	0	0	24142147	0	100.0	nan	22984312	0	11481041	0	11503271	0	22984312	0	100.0	nan	22984312	0	0	0	0.0	nan	0	0	0	0	24142147
RSS0001824	31540154	0	1510551	0	0	0	0	0	31540154	0	100.0	nan	30029603	0	15000489	0	15029114	0	30029603	0	100.0	nan	30029603	0	0	0	0.0	nan	0	0	0	0	31540154
RSS0001825	43497219	0	1790626	0	0	0	0	0	43497219	0	100.0	nan	41706593	0	20832423	0	20874170	0	41706593	0	100.0	nan	41706593	0	0	0	0.0	nan	0	0	0	0	43497219
RSS0001826	36396872	0	1754911	0	0	0	0	0	36396872	0	100.0	nan	34641961	0	17300134	0	17341827	0	34641961	0	100.0	nan	34641961	0	0	0	0.0	nan	0	0	0	0	36396872
RSS0001827	35148039	0	1491923	0	0	0	0	0	35148039	0	100.0	nan	33656116	0	16811436	0	16844680	0	33656116	0	100.0	nan	33656116	0	0	0	0.0	nan	0	0	0	0	35148039
RSS0001828	31236070	0	1284565	0	0	0	0	0	31236070	0	100.0	nan	29951505	0	14961924	0	14989581	0	29951505	0	100.0	nan	29951505	0	0	0	0.0	nan	0	0	0	0	31236070
RSS0001829	33962271	0	1741758	0	0	0	0	0	33962271	0	100.0	nan	32220513	0	16087636	0	16132877	0	32220513	0	100.0	nan	32220513	0	0	0	0.0	nan	0	0	0	0	33962271
RSS0001830	40260706	0	2002848	0	0	0	0	0	40260706	0	100.0	nan	38257858	0	19103045	0	19154813	0	38257858	0	100.0	nan	38257858	0	0	0	0.0	nan	0	0	0	0	40260706
RSS0001831	28952085	0	1643385	0	0	0	0	0	28952085	0	100.0	nan	27308700	0	13632663	0	13676037	0	27308700	0	100.0	nan	27308700	0	0	0	0.0	nan	0	0	0	0	28952085
RSS0001832	30526791	0	1683928	0	0	0	0	0	30526791	0	100.0	nan	28842863	0	14399878	0	14442985	0	28842863	0	100.0	nan	28842863	0	0	0	0.0	nan	0	0	0	0	30526791
RSS0001833	36824381	0	1596508	0	0	0	0	0	36824381	0	100.0	nan	35227873	0	17596410	0	17631463	0	35227873	0	100.0	nan	35227873	0	0	0	0.0	nan	0	0	0	0	36824381
RSS0001834	28694433	0	1516947	0	0	0	0	0	28694433	0	100.0	nan	27177486	0	13568275	0	13609211	0	27177486	0	100.0	nan	27177486	0	0	0	0.0	nan	0	0	0	0	28694433
RSS0001835	32469886	0	1339938	0	0	0	0	0	32469886	0	100.0	nan	31129948	0	15549493	0	15580455	0	31129948	0	100.0	nan	31129948	0	0	0	0.0	nan	0	0	0	0	32469886
RSS0001836	32387276	0	1348386	0	0	0	0	0	32387276	0	100.0	nan	31038890	0	15504915	0	15533975	0	31038890	0	100.0	nan	31038890	0	0	0	0.0	nan	0	0	0	0	32387276
RSS0001837	26894832	0	1409985	0	0	0	0	0	26894832	0	100.0	nan	25484847	0	12730460	0	12754387	0	25484847	0	100.0	nan	25484847	0	0	0	0.0	nan	0	0	0	0	26894832
RSS0001838	33257721	0	1383746	0	0	0	0	0	33257721	0	100.0	nan	31873975	0	15921512	0	15952463	0	31873975	0	100.0	nan	31873975	0	0	0	0.0	nan	0	0	0	0	33257721
RSS0001839	29739571	0	1596094	0	0	0	0	0	29739571	0	100.0	nan	28143477	0	14058917	0	14084560	0	28143477	0	100.0	nan	28143477	0	0	0	0.0	nan	0	0	0	0	29739571
RSS0001840	31777323	0	2032151	0	0	0	0	0	31777323	0	100.0	nan	29745172	0	14857069	0	14888103	0	29745172	0	100.0	nan	29745172	0	0	0	0.0	nan	0	0	0	0	31777323
RSS0001841	31678379	0	2205468	0	0	0	0	0	31678379	0	100.0	nan	29472911	0	14721476	0	14751435	0	29472911	0	100.0	nan	29472911	0	0	0	0.0	nan	0	0	0	0	31678379
RSS0001842	31491207	0	1850881	0	0	0	0	0	31491207	0	100.0	nan	29640326	0	14798045	0	14842281	0	29640326	0	100.0	nan	29640326	0	0	0	0.0	nan	0	0	0	0	31491207
RSS0001843	41813098	0	1787954	0	0	0	0	0	41813098	0	100.0	nan	40025144	0	19992885	0	20032259	0	40025144	0	100.0	nan	40025144	0	0	0	0.0	nan	0	0	0	0	41813098
RSS0001844	34806062	0	1528743	0	0	0	0	0	34806062	0	100.0	nan	33277319	0	16622926	0	16654393	0	33277319	0	100.0	nan	33277319	0	0	0	0.0	nan	0	0	0	0	34806062
RSS0001845	21779962	0	1137423	0	0	0	0	0	21779962	0	100.0	nan	20642539	0	10311339	0	10331200	0	20642539	0	100.0	nan	20642539	0	0	0	0.0	nan	0	0	0	0	21779962
RSS0001846	34083799	0	1496451	0	0	0	0	0	34083799	0	100.0	nan	32587348	0	16278921	0	16308427	0	32587348	0	100.0	nan	32587348	0	0	0	0.0	nan	0	0	0	0	34083799
RSS0001847	26333097	0	1581904	0	0	0	0	0	26333097	0	100.0	nan	24751193	0	12363901	0	12387292	0	24751193	0	100.0	nan	24751193	0	0	0	0.0	nan	0	0	0	0	26333097
RSS0001848	32563251	0	2313592	0	0	0	0	0	32563251	0	100.0	nan	30249659	0	15108937	0	15140722	0	30249659	0	100.0	nan	30249659	0	0	0	0.0	nan	0	0	0	0	32563251
RSS0002237	11506309	0	682166	0	0	0	0	0	11506309	0	100.0	nan	10824143	0	5404522	0	5419621	0	10824143	0	100.0	nan	10824143	0	0	0	0.0	nan	0	0	0	0	11506309
