Sample	total_reads	avg_input_read_length	uniquely_mapped	uniquely_mapped_percent	avg_mapped_read_length	num_splices	num_annotated_splices	num_GTAG_splices	num_GCAG_splices	num_ATAC_splices	num_noncanonical_splices	mismatch_rate	deletion_rate	deletion_length	insertion_rate	insertion_length	multimapped	multimapped_percent	multimapped_toomany	multimapped_toomany_percent	unmapped_mismatches_percent	unmapped_tooshort_percent	unmapped_other_percent	unmapped_mismatches	unmapped_tooshort	unmapped_other
RSS0001465	40169440.0	217.0	15387009.0	38.31	267.23	15548567.0	15526660.0	15373832.0	139724.0	18447.0	16564.0	0.41	0.01	1.9	0.01	1.9	1501577.0	3.74	8728.0	0.02	0.0	57.73	0.21	0	23187778	84348
RSS0001466	28792329.0	261.0	18114960.0	62.92	280.32	19694942.0	19672205.0	19500575.0	155650.0	20830.0	17887.0	0.37	0.01	1.92	0.01	1.92	1329364.0	4.62	3318.0	0.01	0.0	32.26	0.19	0	9289972	54715
RSS0001467	29511715.0	265.0	19697779.0	66.75	281.47	21105040.0	21079986.0	20861896.0	200673.0	22710.0	19761.0	0.4	0.01	1.9	0.01	1.96	1854374.0	6.28	4177.0	0.01	0.0	26.74	0.22	0	7890467	64918
RSS0001468	25416606.0	265.0	17508045.0	68.88	283.03	18947699.0	18927611.0	18758239.0	150640.0	21546.0	17274.0	0.35	0.01	1.92	0.01	1.69	581417.0	2.29	2739.0	0.01	0.0	28.71	0.11	0	7296449	27956
RSS0001469	20866499.0	265.0	14417447.0	69.09	282.21	15778532.0	15761501.0	15624934.0	122198.0	17435.0	13965.0	0.43	0.01	1.91	0.01	1.68	476763.0	2.28	2094.0	0.01	0.0	28.5	0.11	0	5947241	22954
RSS0001470	24079522.0	266.0	16128843.0	66.98	281.75	17320780.0	17301640.0	17151027.0	135887.0	18823.0	15043.0	0.35	0.01	1.92	0.01	1.9	1161445.0	4.82	2581.0	0.01	0.0	28.01	0.18	0	6743319	43334
RSS0001471	34712843.0	258.0	20764260.0	59.82	279.62	22265777.0	22241120.0	22022277.0	199604.0	23747.0	20149.0	0.36	0.01	1.91	0.01	1.9	1479823.0	4.26	4119.0	0.01	0.0	35.7	0.21	0	12391748	72893
RSS0001472	26762725.0	234.0	12280930.0	45.89	276.66	13372758.0	13356133.0	13236830.0	106304.0	16223.0	13401.0	0.37	0.01	1.89	0.01	1.67	477518.0	1.78	4870.0	0.02	0.0	52.19	0.12	0	13967292	32115
RSS0001473	31301637.0	251.0	17499018.0	55.9	279.94	18988400.0	18967260.0	18801264.0	147890.0	21235.0	18011.0	0.35	0.01	1.9	0.01	1.68	626367.0	2.0	4358.0	0.01	0.0	41.97	0.11	0	13137462	34432
RSS0001474	22217262.0	269.0	15980034.0	71.93	283.35	17587473.0	17569065.0	17416085.0	136129.0	19611.0	15648.0	0.37	0.01	1.9	0.01	1.69	519668.0	2.34	2206.0	0.01	0.0	25.62	0.11	0	5690920	24434
RSS0001475	22316956.0	271.0	16589481.0	74.34	284.01	18335664.0	18316695.0	18153738.0	145159.0	20438.0	16329.0	0.34	0.01	1.9	0.01	1.69	534424.0	2.39	1949.0	0.01	0.0	23.15	0.11	0	5166553	24549
RSS0001476	23752261.0	267.0	17075542.0	71.89	283.47	18559287.0	18539784.0	18372893.0	145296.0	24686.0	16412.0	0.36	0.01	1.91	0.01	1.67	557585.0	2.35	2478.0	0.01	0.0	25.64	0.11	0	6090527	26129
RSS0001477	23008295.0	268.0	16645510.0	72.35	283.69	18074738.0	18055652.0	17896253.0	142019.0	20566.0	15900.0	0.35	0.01	1.91	0.01	1.68	542350.0	2.36	2424.0	0.01	0.0	25.18	0.11	0	5792705	25306
RSS0001478	22846709.0	263.0	15129742.0	66.22	282.44	16664127.0	16645853.0	16497930.0	132671.0	18270.0	15256.0	0.36	0.01	1.92	0.01	1.69	513882.0	2.25	2579.0	0.01	0.0	31.4	0.11	0	7175369	25137
RSS0001479	19611499.0	268.0	14072377.0	71.76	283.43	15322608.0	15306287.0	15171420.0	120837.0	16698.0	13653.0	0.35	0.01	1.91	0.01	1.67	463566.0	2.36	1982.0	0.01	0.0	25.76	0.11	0	5052001	21573
RSS0001480	23402846.0	261.0	15219518.0	65.03	282.04	16865497.0	16847173.0	16701369.0	129729.0	19005.0	15394.0	0.35	0.01	1.91	0.01	1.69	512402.0	2.19	2621.0	0.01	0.0	32.66	0.11	0	7642565	25740
RSS0001481	35415029.0	263.0	23385256.0	66.03	282.19	25420427.0	25393226.0	25168473.0	200016.0	28512.0	23426.0	0.37	0.01	1.91	0.01	1.68	815602.0	2.3	4065.0	0.01	0.0	31.54	0.11	0	11171145	38961
RSS0001482	29187759.0	270.0	21394511.0	73.3	283.86	23497241.0	23473774.0	23266331.0	183704.0	26501.0	20705.0	0.34	0.01	1.92	0.01	1.69	695318.0	2.38	2805.0	0.01	0.0	24.21	0.1	0	7065939	29186
RSS0001483	28495880.0	270.0	21113760.0	74.09	283.96	23054885.0	23031576.0	22825213.0	182948.0	26358.0	20366.0	0.34	0.01	1.91	0.01	1.7	683167.0	2.4	2852.0	0.01	0.0	23.38	0.11	0	6664744	31357
RSS0001484	25142867.0	267.0	17841213.0	70.96	282.95	19428147.0	19407628.0	19236365.0	152752.0	21683.0	17347.0	0.41	0.01	1.91	0.01	1.68	597151.0	2.38	2705.0	0.01	0.0	26.54	0.11	0	6674136	27662
RSS0001485	26267107.0	269.0	19049957.0	72.52	283.54	20666569.0	20644898.0	20463467.0	161714.0	23104.0	18284.0	0.36	0.01	1.91	0.01	1.68	623502.0	2.37	2551.0	0.01	0.0	24.98	0.11	0	6562200	28897
RSS0001486	22318656.0	269.0	16388788.0	73.43	283.94	17776362.0	17757364.0	17602374.0	139007.0	19263.0	15718.0	0.34	0.01	1.9	0.01	1.69	539527.0	2.42	2270.0	0.01	0.0	24.03	0.11	0	5363519	24552
RSS0001487	22186324.0	270.0	16141736.0	72.76	283.74	17523557.0	17505038.0	17349791.0	138803.0	19085.0	15878.0	0.34	0.01	1.91	0.01	1.69	526068.0	2.37	2208.0	0.01	0.0	24.76	0.11	0	5491913	24399
RSS0001488	18151438.0	262.0	11978745.0	65.99	282.39	13099781.0	13085784.0	12972688.0	101511.0	14207.0	11375.0	0.34	0.01	1.92	0.01	1.67	401328.0	2.21	2057.0	0.01	0.0	31.67	0.11	0	5749339	19969
RSS0001489	34929431.0	264.0	23660717.0	67.74	282.67	25719756.0	25692610.0	25463714.0	204427.0	28592.0	23023.0	0.35	0.01	1.91	0.01	1.69	811724.0	2.32	3866.0	0.01	0.0	29.81	0.11	0	10414693	38431
RSS0001490	24777661.0	269.0	18000925.0	72.65	283.62	19671403.0	19651295.0	19476531.0	156434.0	21746.0	16692.0	0.35	0.01	1.92	0.01	1.68	587647.0	2.37	2387.0	0.01	0.0	24.86	0.11	0	6159448	27254
RSS0001491	27714060.0	270.0	20302225.0	73.26	283.76	22358512.0	22335656.0	22139533.0	173937.0	25372.0	19670.0	0.34	0.01	1.92	0.01	1.7	655323.0	2.36	2535.0	0.01	0.0	24.26	0.11	0	6723491	30486
RSS0001492	26048627.0	270.0	18983688.0	72.88	283.66	20357624.0	20336515.0	20157920.0	158729.0	23056.0	17919.0	0.37	0.01	1.91	0.01	1.68	630280.0	2.42	2633.0	0.01	0.0	24.58	0.11	0	6403370	28656
RSS0001493	32440983.0	271.0	24442128.0	75.34	283.98	26173625.0	26149026.0	25918786.0	204401.0	28986.0	21452.0	0.37	0.01	1.92	0.01	1.68	803559.0	2.48	3351.0	0.01	0.0	22.06	0.11	0	7156261	35684
RSS0001494	28987848.0	269.0	21092529.0	72.76	283.66	22994951.0	22970617.0	22764907.0	183438.0	26068.0	20538.0	0.37	0.01	1.89	0.01	1.67	710237.0	2.45	2819.0	0.01	0.0	24.66	0.11	0	7150368	31895
RSS0001495	25424237.0	269.0	18510606.0	72.81	283.71	19912401.0	19891162.0	19715492.0	156458.0	22304.0	18147.0	0.35	0.01	1.9	0.01	1.7	607826.0	2.39	2671.0	0.01	0.0	24.68	0.11	0	6275165	27969
RSS0001496	25637160.0	269.0	18703403.0	72.95	283.55	20315669.0	20295019.0	20115242.0	160137.0	22571.0	17719.0	0.36	0.01	1.92	0.01	1.68	620969.0	2.42	2581.0	0.01	0.0	24.5	0.11	0	6282002	28205
RSS0001497	29312417.0	265.0	20174174.0	68.82	282.91	21833407.0	21810151.0	21617878.0	171573.0	24014.0	19942.0	0.35	0.01	1.91	0.01	1.69	684278.0	2.33	3204.0	0.01	0.0	28.71	0.12	0	8415586	35175
RSS0001498	25314862.0	268.0	18136059.0	71.64	283.39	19605571.0	19585506.0	19411948.0	155017.0	21855.0	16751.0	0.36	0.01	1.92	0.01	1.68	603557.0	2.38	2516.0	0.01	0.0	25.86	0.11	0	6544890	27840
RSS0001499	30168463.0	270.0	22093598.0	73.23	283.72	23977549.0	23952849.0	23740933.0	189107.0	26378.0	21131.0	0.35	0.01	1.92	0.01	1.69	732424.0	2.43	2852.0	0.01	0.0	24.22	0.11	0	7306405	33184
RSS0001500	36692708.0	270.0	26931826.0	73.4	283.81	29192154.0	29163346.0	28907695.0	226339.0	32578.0	25542.0	0.34	0.01	1.91	0.01	1.68	899662.0	2.45	3643.0	0.01	0.0	24.03	0.11	0	8817215	40362
RSS0001502	27875904.0	271.0	20574431.0	73.81	283.93	22188322.0	22165395.0	21963160.0	174216.0	30752.0	20194.0	0.34	0.01	1.89	0.01	1.7	694960.0	2.49	2887.0	0.01	0.0	23.58	0.11	0	6572963	30663
RSS0001503	22843281.0	267.0	16101536.0	70.49	283.44	17431072.0	17412367.0	17260464.0	136352.0	19077.0	15179.0	0.33	0.01	1.91	0.01	1.67	532130.0	2.33	2496.0	0.01	0.0	27.06	0.11	0	6181989	25130
RSS0001504	20570944.0	264.0	13969265.0	67.91	282.79	15462800.0	15446613.0	15312822.0	119198.0	17466.0	13314.0	0.35	0.01	1.91	0.01	1.69	461016.0	2.24	2145.0	0.01	0.0	29.73	0.11	0	6115889	22629
RSS0001505	36871407.0	264.0	24845348.0	67.38	282.52	27268086.0	27238960.0	26990907.0	219666.0	31932.0	25581.0	0.37	0.01	1.91	0.01	1.7	856980.0	2.32	4074.0	0.01	0.0	30.17	0.12	0	11120773	44232
RSS0001506	26703275.0	266.0	18741387.0	70.18	283.22	20412740.0	20391679.0	20211755.0	160168.0	22677.0	18140.0	0.36	0.01	1.91	0.01	1.67	617464.0	2.31	2823.0	0.01	0.0	27.38	0.11	0	7312224	29377
RSS0001507	24362263.0	268.0	17353792.0	71.23	283.27	18834786.0	18815043.0	18648683.0	148161.0	21347.0	16595.0	0.36	0.01	1.91	0.01	1.67	577145.0	2.37	2364.0	0.01	0.0	26.28	0.11	0	6402165	26797
RSS0001508	34530054.0	265.0	24181834.0	70.03	282.97	26234156.0	26207178.0	25975404.0	205741.0	29621.0	23390.0	0.4	0.01	1.9	0.01	1.69	816919.0	2.37	3744.0	0.01	0.0	27.48	0.12	0	9486133	41424
RSS0001509	32581312.0	268.0	23079309.0	70.84	283.43	25132910.0	25106817.0	24886094.0	196785.0	27974.0	22057.0	0.34	0.01	1.92	0.01	1.68	776146.0	2.38	3418.0	0.01	0.0	26.66	0.12	0	8683354	39085
RSS0001510	26089196.0	269.0	18881684.0	72.37	283.58	20540201.0	20518863.0	20341014.0	158018.0	23031.0	18138.0	0.35	0.01	1.9	0.01	1.69	621998.0	2.38	2658.0	0.01	0.0	25.12	0.11	0	6554155	28701
RSS0001511	22060853.0	267.0	15522719.0	70.36	283.27	16932516.0	16914355.0	16766781.0	131669.0	18748.0	15318.0	0.36	0.01	1.9	0.01	1.69	514246.0	2.33	2232.0	0.01	0.0	27.19	0.11	0	5997393	24263
RSS0001512	25189558.0	264.0	17272748.0	68.57	282.98	19301654.0	19281135.0	19113821.0	147930.0	21896.0	18007.0	0.34	0.01	1.91	0.01	1.69	573875.0	2.28	2550.0	0.01	0.0	29.03	0.11	0	7312676	27709
RSS0001513	34507472.0	265.0	23334473.0	67.62	282.84	25599073.0	25570632.0	25334673.0	211374.0	28783.0	24243.0	0.34	0.01	1.9	0.01	1.69	797594.0	2.31	3804.0	0.01	0.0	29.94	0.11	0	10333635	37966
RSS0001514	27764658.0	267.0	19503599.0	70.25	283.27	21288596.0	21266168.0	21074729.0	170589.0	23894.0	19384.0	0.35	0.01	1.91	0.01	1.69	644838.0	2.32	2841.0	0.01	0.0	27.32	0.11	0	7582849	30531
RSS0001515	28962027.0	252.0	16331552.0	56.39	279.64	17915551.0	17895280.0	17737066.0	142046.0	19649.0	16790.0	0.41	0.01	1.91	0.01	1.69	581538.0	2.01	4084.0	0.01	0.0	41.47	0.12	0	12010100	34753
RSS0001516	28167001.0	268.0	20024590.0	71.09	283.43	21419822.0	21397761.0	21205320.0	170826.0	24481.0	19195.0	0.35	0.01	1.92	0.01	1.68	669747.0	2.38	2968.0	0.01	0.0	26.41	0.11	0	7438713	30983
RSS0001517	29891877.0	258.0	18104098.0	60.57	280.9	19682065.0	19659813.0	19485655.0	155191.0	22044.0	19175.0	0.39	0.01	1.92	0.01	1.71	633131.0	2.12	3732.0	0.01	0.0	37.19	0.11	0	11118031	32885
RSS0001518	30714533.0	263.0	21089620.0	68.66	282.98	22780024.0	22754810.0	22553901.0	179361.0	25145.0	21617.0	0.36	0.01	1.9	0.01	1.68	717494.0	2.34	3493.0	0.01	0.0	28.87	0.12	0	8867069	36857
RSS0001519	30068923.0	267.0	21200948.0	70.51	283.44	22871921.0	22846561.0	22641026.0	184023.0	25481.0	21391.0	0.33	0.01	1.9	0.01	1.69	717597.0	2.39	3355.0	0.01	0.0	26.98	0.11	0	8113942	33081
RSS0001520	27420403.0	262.0	18471229.0	67.36	282.94	20183198.0	20162003.0	19981570.0	160902.0	22550.0	18176.0	0.34	0.01	1.91	0.01	1.69	626126.0	2.28	3449.0	0.01	0.0	30.23	0.11	0	8289436	30163
RSS0001521	33319761.0	262.0	22196163.0	66.62	282.53	23992275.0	23966172.0	23751365.0	191831.0	26643.0	22436.0	0.35	0.01	1.9	0.01	1.69	769869.0	2.31	3673.0	0.01	0.0	30.95	0.12	0	10310082	39974
RSS0001522	29038595.0	266.0	20217227.0	69.62	283.06	21774804.0	21752373.0	21560261.0	170776.0	24325.0	19442.0	0.37	0.01	1.92	0.01	1.68	685298.0	2.36	3105.0	0.01	0.0	27.9	0.11	0	8101025	31940
RSS0001523	24344476.0	267.0	17166711.0	70.52	283.37	18899279.0	18879490.0	18715519.0	146023.0	21304.0	16433.0	0.35	0.01	1.9	0.01	1.69	565412.0	2.32	2508.0	0.01	0.0	27.04	0.11	0	6583065	26780
RSS0001524	29827307.0	263.0	20085206.0	67.34	282.79	21945607.0	21922361.0	21730099.0	171284.0	24202.0	20022.0	0.34	0.01	1.91	0.01	1.7	680945.0	2.28	3586.0	0.01	0.0	30.25	0.11	0	9024753	32817
RSS0001525	29588753.0	264.0	20696572.0	69.95	283.29	22736940.0	22713453.0	22514300.0	175012.0	25732.0	21896.0	0.36	0.01	1.91	0.01	1.71	684422.0	2.31	3445.0	0.01	0.0	27.61	0.11	0	8171757	32557
RSS0001526	29573243.0	268.0	21268357.0	71.92	283.54	23207486.0	23183287.0	22978554.0	182530.0	25920.0	20482.0	0.35	0.01	1.91	0.01	1.69	705726.0	2.39	3342.0	0.01	0.0	25.58	0.11	0	7563294	32524
RSS0001527	26380687.0	266.0	18702446.0	70.89	283.47	20431550.0	20409808.0	20229782.0	161163.0	22577.0	18028.0	0.34	0.01	1.9	0.01	1.68	620342.0	2.35	2842.0	0.01	0.0	26.63	0.11	0	7026035	29022
RSS0001528	25602244.0	258.0	16393831.0	64.03	281.55	18080387.0	18060613.0	17900324.0	142419.0	20924.0	16720.0	0.41	0.01	1.91	0.01	1.69	559921.0	2.19	3089.0	0.01	0.0	33.66	0.11	0	8617242	28161
RSS0001529	31578085.0	259.0	19798431.0	62.7	281.46	21465423.0	21441508.0	21248427.0	172564.0	24388.0	20044.0	0.37	0.01	1.9	0.01	1.69	814105.0	2.58	4095.0	0.01	0.0	34.6	0.11	0	10926716	34738
RSS0001530	25248575.0	264.0	17267813.0	68.39	282.79	18694544.0	18674071.0	18510477.0	145426.0	20991.0	17650.0	0.39	0.01	1.9	0.01	1.69	650499.0	2.58	3057.0	0.01	0.0	28.91	0.11	0	7299432	27774
RSS0001531	24937733.0	264.0	17116832.0	68.64	282.83	18734484.0	18714442.0	18549596.0	147162.0	20897.0	16829.0	0.38	0.01	1.91	0.01	1.69	574687.0	2.3	2748.0	0.01	0.0	28.94	0.11	0	7216038	27428
RSS0001532	29503009.0	265.0	20648203.0	69.99	283.4	22402116.0	22378848.0	22179993.0	175963.0	24985.0	21175.0	0.34	0.01	1.91	0.01	1.69	693907.0	2.35	3419.0	0.01	0.0	27.54	0.11	0	8125027	32453
RSS0001533	28246169.0	264.0	19754424.0	69.94	283.18	21392836.0	21370542.0	21180691.0	168578.0	24482.0	19085.0	0.38	0.01	1.92	0.01	1.68	659212.0	2.33	3258.0	0.01	0.0	27.6	0.12	0	7795382	33893
RSS0001534	33192235.0	268.0	23668194.0	71.31	283.54	25854153.0	25827791.0	25598608.0	202430.0	29414.0	23701.0	0.34	0.01	1.9	0.01	1.69	785217.0	2.37	3307.0	0.01	0.0	26.21	0.11	0	8699008	36509
RSS0001535	27290406.0	264.0	18846283.0	69.06	283.18	20335210.0	20314454.0	20134238.0	160291.0	22633.0	18048.0	0.34	0.01	1.91	0.01	1.68	655958.0	2.4	3183.0	0.01	0.0	28.41	0.11	0	7754956	30026
RSS0001536	22651631.0	265.0	15655199.0	69.11	283.14	17022376.0	17004071.0	16854564.0	133515.0	19508.0	14789.0	0.34	0.01	1.91	0.01	1.68	519890.0	2.3	2501.0	0.01	0.0	28.47	0.11	0	6449123	24918
RSS0001537	35780826.0	250.0	20576389.0	57.51	280.56	22429922.0	22405393.0	22205093.0	178347.0	25155.0	21327.0	0.35	0.01	1.9	0.01	1.68	830316.0	2.32	5852.0	0.02	0.0	40.04	0.12	0	14325336	42933
RSS0001538	23972864.0	267.0	16947942.0	70.7	283.02	18405801.0	18386688.0	18226253.0	143002.0	20406.0	16140.0	0.4	0.01	1.91	0.01	1.7	559524.0	2.33	2454.0	0.01	0.0	26.85	0.11	0	6436574	26370
RSS0001539	31408482.0	266.0	21749538.0	69.25	282.75	23916830.0	23891815.0	23671050.0	192330.0	31914.0	21536.0	0.39	0.01	1.91	0.01	1.69	736305.0	2.34	3101.0	0.01	0.0	28.29	0.11	0	8884990	34548
RSS0001540	23746575.0	264.0	16258044.0	68.46	281.43	17339933.0	17321005.0	17166284.0	135119.0	22847.0	15683.0	0.55	0.01	1.92	0.01	1.69	549640.0	2.31	2771.0	0.01	0.0	29.1	0.11	0	6910000	26120
RSS0001541	26329249.0	267.0	18905718.0	71.81	283.59	20540479.0	20519291.0	20334729.0	163385.0	22833.0	19532.0	0.36	0.01	1.9	0.01	1.7	614050.0	2.33	2774.0	0.01	0.0	25.74	0.11	0	6777742	28965
RSS0001542	29164230.0	268.0	20619574.0	70.7	283.34	22387340.0	22363863.0	22161932.0	180024.0	25441.0	19943.0	0.35	0.01	1.89	0.01	1.68	683860.0	2.34	3038.0	0.01	0.0	26.83	0.11	0	7825674	32084
RSS0001543	30152190.0	268.0	21454486.0	71.15	283.51	23647567.0	23622449.0	23412363.0	187163.0	26533.0	21508.0	0.34	0.01	1.89	0.01	1.69	716663.0	2.38	3047.0	0.01	0.0	26.35	0.11	0	7944828	33166
RSS0001544	24645737.0	263.0	16792510.0	68.14	282.95	18641002.0	18621563.0	18458565.0	145062.0	20702.0	16673.0	0.34	0.01	1.9	0.01	1.68	571702.0	2.32	2745.0	0.01	0.0	29.42	0.11	0	7251666	27114
RSS0001545	31593796.0	244.0	16461406.0	52.1	279.21	17827062.0	17806451.0	17649406.0	139990.0	20237.0	17429.0	0.34	0.01	1.89	0.01	1.69	600739.0	1.9	4669.0	0.01	0.0	45.86	0.12	0	14489069	37913
RSS0001546	28004771.0	268.0	19793030.0	70.68	283.38	21775811.0	21753150.0	21561685.0	169840.0	24703.0	19583.0	0.34	0.01	1.9	0.01	1.69	677740.0	2.42	2671.0	0.01	0.0	26.78	0.11	0	7500521	30809
RSS0001547	28251999.0	268.0	20115290.0	71.2	283.41	22392533.0	22369642.0	22175880.0	171682.0	25146.0	19825.0	0.35	0.01	1.89	0.01	1.68	688545.0	2.44	2729.0	0.01	0.0	26.24	0.11	0	7414353	31082
RSS0001548	29142784.0	262.0	19818420.0	68.0	283.03	21359199.0	21337131.0	21150352.0	166152.0	23638.0	19057.0	0.34	0.01	1.91	0.01	1.68	669538.0	2.3	3567.0	0.01	0.0	29.57	0.11	0	8619196	32063
RSS0001549	25387718.0	265.0	17646949.0	69.51	283.15	19162020.0	19142121.0	18974628.0	148478.0	21878.0	17036.0	0.36	0.01	1.91	0.01	1.69	577654.0	2.28	2779.0	0.01	0.0	28.09	0.11	0	7132406	27930
RSS0001550	30769406.0	267.0	21710659.0	70.56	283.4	23735683.0	23711395.0	23500488.0	188013.0	26358.0	20824.0	0.34	0.01	1.89	0.01	1.69	733522.0	2.38	3133.0	0.01	0.0	26.94	0.11	0	8288250	33842
RSS0001551	26401402.0	267.0	18576395.0	70.36	283.24	20386297.0	20364763.0	20186658.0	158214.0	22794.0	18631.0	0.36	0.01	1.89	0.01	1.69	613170.0	2.32	2648.0	0.01	0.0	27.19	0.11	0	7180141	29048
RSS0001552	18334176.0	265.0	12555597.0	68.48	283.06	13825133.0	13810053.0	13689566.0	106849.0	15659.0	13059.0	0.34	0.01	1.88	0.01	1.69	418002.0	2.28	2022.0	0.01	0.0	29.12	0.11	0	5338389	20166
RSS0001553	41369349.0	224.0	17616272.0	42.58	275.21	19604840.0	19579482.0	19400090.0	157404.0	22966.0	24380.0	0.37	0.01	1.85	0.01	1.66	677656.0	1.64	9084.0	0.02	0.0	55.62	0.14	0	23008423	57914
RSS0001554	33850868.0	257.0	20320174.0	60.03	280.79	22345823.0	22321766.0	22124202.0	175605.0	25422.0	20594.0	0.36	0.01	1.91	0.01	1.7	706983.0	2.09	3767.0	0.01	0.0	37.76	0.11	0	12782706	37238
RSS0001555	17396063.0	262.0	11808390.0	67.88	282.9	13116738.0	13102749.0	12991024.0	99368.0	14841.0	11505.0	0.35	0.01	1.91	0.01	1.7	384039.0	2.21	1923.0	0.01	0.0	29.79	0.11	0	5182574	19137
RSS0001556	23055956.0	266.0	16020803.0	69.49	283.24	17500685.0	17482178.0	17329093.0	135698.0	19853.0	16041.0	0.33	0.01	1.91	0.01	1.68	521373.0	2.26	2371.0	0.01	0.0	28.14	0.1	0	6488352	23057
RSS0001557	25792474.0	266.0	17981469.0	69.72	283.18	19625350.0	19604421.0	19432345.0	152418.0	22746.0	17841.0	0.34	0.01	1.89	0.01	1.69	593571.0	2.3	2584.0	0.01	0.0	27.87	0.11	0	7186486	28364
RSS0001558	15627644.0	265.0	10754119.0	68.81	283.13	11852978.0	11839956.0	11736464.0	92612.0	13515.0	10387.0	0.34	0.01	1.91	0.01	1.68	346290.0	2.22	1577.0	0.01	0.0	28.85	0.11	0	4508468	17190
RSS0001559	17983472.0	261.0	11958910.0	66.5	282.76	13160261.0	13145692.0	13031969.0	101766.0	15010.0	11516.0	0.35	0.01	1.9	0.01	1.69	393479.0	2.19	2207.0	0.01	0.0	31.19	0.11	0	5609094	19782
RSS0001560	16540326.0	251.0	9638684.0	58.27	278.89	10470779.0	10458576.0	10357673.0	92289.0	11312.0	9505.0	0.38	0.01	1.91	0.01	1.92	655652.0	3.96	2127.0	0.01	0.0	37.55	0.2	0	6210783	33080
RSS0001561	47583829.0	251.0	26005668.0	54.65	279.32	28007492.0	27976292.0	27721949.0	227010.0	31331.0	27202.0	0.36	0.01	1.89	0.01	1.67	998831.0	2.1	6365.0	0.01	0.0	43.12	0.12	0	20515871	57094
RSS0001562	22405461.0	268.0	15761095.0	70.34	282.65	17253052.0	17234127.0	17066200.0	152305.0	19081.0	15466.0	0.35	0.01	1.91	0.01	1.9	1094310.0	4.88	2166.0	0.01	0.0	24.57	0.2	0	5503095	44795
RSS0001563	26052826.0	268.0	18819698.0	72.24	283.64	20807684.0	20785334.0	20603201.0	163328.0	23024.0	18131.0	0.35	0.01	1.91	0.01	1.68	628307.0	2.41	2626.0	0.01	0.0	25.23	0.11	0	6573535	28660
RSS0001564	26300445.0	270.0	19117506.0	72.69	283.73	21117212.0	21094122.0	20910338.0	163739.0	23655.0	19480.0	0.34	0.01	1.91	0.01	1.68	636714.0	2.42	2447.0	0.01	0.0	24.77	0.11	0	6514847	28931
RSS0001565	17926928.0	267.0	12648580.0	70.56	283.14	13926180.0	13908952.0	13786129.0	112833.0	14528.0	12690.0	0.36	0.01	1.91	0.01	1.68	522977.0	2.92	2223.0	0.01	0.0	26.39	0.12	0	4731632	21516
RSS0001566	19400243.0	267.0	13661753.0	70.42	283.11	15086466.0	15070011.0	14936882.0	116600.0	19721.0	13263.0	0.36	0.01	1.91	0.01	1.67	453778.0	2.34	1956.0	0.01	0.0	27.12	0.11	0	5261415	21341
RSS0001567	21536896.0	263.0	14339699.0	66.58	282.29	16222484.0	16202586.0	16063539.0	127800.0	16662.0	14483.0	0.35	0.01	1.9	0.01	1.69	612643.0	2.84	2838.0	0.01	0.0	30.43	0.13	0	6553718	27998
RSS0001568	24671147.0	254.0	14450238.0	58.57	280.31	15986294.0	15965965.0	15821907.0	133017.0	16136.0	15234.0	0.36	0.01	1.91	0.01	1.68	653916.0	2.65	4085.0	0.02	0.0	38.63	0.13	0	9530834	32074
RSS0001569	32327510.0	260.0	20249968.0	62.64	281.43	22181931.0	22157576.0	21963956.0	172397.0	25078.0	20500.0	0.35	0.01	1.9	0.01	1.69	707270.0	2.19	3806.0	0.01	0.0	35.05	0.11	0	11330905	35561
RSS0001570	19185876.0	267.0	13479415.0	70.26	282.64	14729949.0	14713881.0	14567807.0	133184.0	16197.0	12761.0	0.35	0.01	1.9	0.01	1.88	945895.0	4.93	2019.0	0.01	0.0	24.6	0.2	0	4720172	38375
RSS0001571	21056263.0	269.0	15437520.0	73.32	283.94	17027968.0	17009757.0	16859890.0	134358.0	18513.0	15207.0	0.34	0.01	1.92	0.01	1.67	506986.0	2.41	1991.0	0.01	0.0	24.16	0.1	0	5088703	21063
RSS0001572	27627911.0	269.0	20192628.0	73.09	283.75	22123075.0	22099604.0	21905741.0	172545.0	24553.0	20236.0	0.35	0.01	1.92	0.01	1.7	673990.0	2.44	2840.0	0.01	0.0	24.35	0.11	0	6728059	30394
RSS0001573	32377004.0	267.0	22757324.0	70.29	282.63	25038492.0	25010845.0	24766835.0	222524.0	26657.0	22476.0	0.35	0.01	1.91	0.01	1.92	1670812.0	5.16	3352.0	0.01	0.0	24.35	0.19	0	7883998	61518
RSS0001574	25561371.0	267.0	17777227.0	69.55	282.43	19528078.0	19506430.0	19338769.0	150676.0	21479.0	17154.0	0.35	0.01	1.91	0.01	1.91	1251109.0	4.89	2514.0	0.01	0.0	25.34	0.21	0	6476845	53676
RSS0001575	22245757.0	270.0	15894133.0	71.45	282.63	17158176.0	17138704.0	16965505.0	159059.0	18436.0	15176.0	0.39	0.01	1.9	0.01	1.92	1202746.0	5.41	2318.0	0.01	0.0	22.9	0.23	0	5095384	51176
RSS0001576	23179794.0	263.0	14925303.0	64.39	280.59	16271059.0	16252269.0	16090329.0	148333.0	17652.0	14745.0	0.38	0.01	1.92	0.01	1.97	1137069.0	4.91	2682.0	0.01	0.0	30.52	0.18	0	7073025	41715
RSS0001577	33447796.0	266.0	23158703.0	69.24	282.93	25169508.0	25142787.0	24922574.0	196909.0	27688.0	22337.0	0.37	0.01	1.9	0.01	1.67	795974.0	2.38	3449.0	0.01	0.0	28.26	0.11	0	9452875	36795
RSS0001578	20411503.0	269.0	14460905.0	70.85	282.8	15836492.0	15818440.0	15660027.0	142785.0	20008.0	13672.0	0.34	0.01	1.91	0.01	1.94	1047117.0	5.13	2037.0	0.01	0.0	23.81	0.2	0	4860616	40828
RSS0001579	22357376.0	267.0	15946228.0	71.32	283.41	17572294.0	17553202.0	17402338.0	135283.0	19187.0	15486.0	0.35	0.01	1.92	0.01	1.68	535229.0	2.39	2103.0	0.01	0.0	26.17	0.11	0	5849230	24586
RSS0001580	30699185.0	269.0	22233191.0	72.42	283.31	24348524.0	24322724.0	24106632.0	193490.0	26452.0	21950.0	0.39	0.01	1.92	0.01	1.67	755754.0	2.46	2859.0	0.01	0.0	25.0	0.11	0	7673617	33764
RSS0001581	29520556.0	269.0	21115834.0	71.53	283.24	24193588.0	24163293.0	23944703.0	200889.0	24085.0	23911.0	0.37	0.01	1.9	0.01	1.71	1049221.0	3.55	4461.0	0.02	0.0	24.76	0.14	0	7309709	41331
RSS0001582	25264474.0	268.0	18337685.0	72.58	283.61	19993313.0	19971805.0	19797393.0	156658.0	22047.0	17215.0	0.36	0.01	1.9	0.01	1.68	623015.0	2.47	2462.0	0.01	0.0	24.83	0.11	0	6273520	27792
RSS0001583	18407701.0	268.0	13062059.0	70.96	283.18	15264007.0	15244778.0	15110432.0	123734.0	14873.0	14968.0	0.35	0.01	1.91	0.01	1.69	680984.0	3.7	2808.0	0.02	0.0	25.19	0.14	0	4636084	25766
RSS0001584	22709581.0	266.0	15525953.0	68.37	282.55	17728386.0	17705860.0	17549080.0	144398.0	18311.0	16597.0	0.36	0.01	1.91	0.01	1.71	790802.0	3.48	3797.0	0.02	0.0	27.99	0.14	0	6357231	31798
RSS0001585	33166306.0	264.0	22112087.0	66.67	282.51	23989596.0	23963894.0	23753493.0	187175.0	26915.0	22013.0	0.35	0.01	1.9	0.01	1.69	763172.0	2.3	3725.0	0.01	0.0	30.91	0.11	0	10250842	36480
RSS0001586	23152006.0	269.0	16369916.0	70.71	282.8	17825533.0	17805661.0	17631109.0	159407.0	19266.0	15751.0	0.35	0.01	1.9	0.01	1.9	1163322.0	5.02	2327.0	0.01	0.0	24.04	0.22	0	5565509	50932
RSS0001587	28063643.0	268.0	19888800.0	70.87	283.48	22180502.0	22156441.0	21960706.0	173923.0	24318.0	21555.0	0.33	0.01	1.92	0.01	1.69	665852.0	2.37	2739.0	0.01	0.0	26.64	0.11	0	7475385	30867
RSS0001588	28096768.0	271.0	20718736.0	73.74	283.88	21977623.0	21953949.0	21758233.0	174182.0	23910.0	21298.0	0.35	0.01	1.92	0.01	1.67	702840.0	2.5	2759.0	0.01	0.0	23.64	0.11	0	6641529	30904
RSS0001589	29992992.0	269.0	21580366.0	71.95	283.34	24944412.0	24913385.0	24695464.0	200374.0	25451.0	23123.0	0.35	0.01	1.91	0.01	1.7	1021604.0	3.41	4214.0	0.01	0.0	24.49	0.13	0	7347804	39004
RSS0001590	28524652.0	267.0	20097660.0	70.46	283.23	22184065.0	22160299.0	21964437.0	175193.0	24163.0	20272.0	0.36	0.01	1.91	0.01	1.69	712700.0	2.5	2886.0	0.01	0.0	26.93	0.11	0	7680036	31370
RSS0001591	22682778.0	267.0	16038760.0	70.71	283.27	18406758.0	18384539.0	18217704.0	151566.0	20663.0	16825.0	0.35	0.01	1.9	0.01	1.7	766083.0	3.38	2994.0	0.01	0.0	25.77	0.13	0	5845453	29488
RSS0001592	24811438.0	268.0	17492657.0	70.5	283.02	19921712.0	19897089.0	19721382.0	162102.0	19852.0	18376.0	0.37	0.01	1.91	0.01	1.71	844384.0	3.4	3611.0	0.01	0.0	25.95	0.13	0	6438531	32255
RSS0001593	36159936.0	265.0	24768184.0	68.5	282.39	27326747.0	27297481.0	27055882.0	214436.0	30754.0	25675.0	0.43	0.01	1.9	0.01	1.71	846938.0	2.34	3698.0	0.01	0.0	29.04	0.11	0	10501338	39778
RSS0001594	24417928.0	264.0	16779040.0	68.72	282.93	18458433.0	18438765.0	18278236.0	142853.0	20743.0	16601.0	0.35	0.01	1.91	0.01	1.69	555530.0	2.28	2600.0	0.01	0.0	28.89	0.11	0	7053900	26858
RSS0001595	33156037.0	266.0	23403475.0	70.59	283.32	26030203.0	26002994.0	25769427.0	207557.0	28939.0	24280.0	0.35	0.01	1.91	0.01	1.7	775641.0	2.34	3300.0	0.01	0.0	26.96	0.11	0	8937156	36465
RSS0001596	34986011.0	265.0	24243013.0	69.29	283.12	26999076.0	26970702.0	26734545.0	209797.0	30087.0	24647.0	0.34	0.01	1.92	0.01	1.7	814445.0	2.33	3476.0	0.01	0.0	28.26	0.11	0	9886594	38483
RSS0001597	22241383.0	267.0	15598290.0	70.13	283.02	16628403.0	16606994.0	16463569.0	133127.0	16634.0	15073.0	0.39	0.01	1.92	0.01	1.72	586375.0	2.64	3507.0	0.02	0.0	27.09	0.12	0	6026515	26696
RSS0001598	29262476.0	268.0	20758605.0	70.94	283.34	23094390.0	23069978.0	22866458.0	182322.0	24880.0	20730.0	0.34	0.01	1.91	0.01	1.68	708236.0	2.42	2856.0	0.01	0.0	26.52	0.11	0	7760590	32189
RSS0001599	30219383.0	265.0	20800187.0	68.83	282.96	22470651.0	22443086.0	22247086.0	181103.0	22619.0	19843.0	0.35	0.01	1.93	0.01	1.71	809118.0	2.68	4748.0	0.02	0.0	28.35	0.13	0	8566050	39280
RSS0001600	22994893.0	263.0	15334521.0	66.69	282.55	16450932.0	16429512.0	16284075.0	135505.0	16320.0	15032.0	0.35	0.01	1.92	0.01	1.71	587818.0	2.56	3776.0	0.02	0.0	30.62	0.12	0	7041184	27594
RSS0001601	29890255.0	263.0	19844767.0	66.39	282.6	21653574.0	21630006.0	21437780.0	171980.0	24218.0	19596.0	0.34	0.01	1.89	0.01	1.67	691946.0	2.31	3105.0	0.01	0.0	31.17	0.11	0	9317555	32882
RSS0001602	25184250.0	267.0	17351961.0	68.9	282.09	18817899.0	18796128.0	18629059.0	149802.0	21998.0	17040.0	0.37	0.01	1.89	0.01	1.93	1302052.0	5.17	2735.0	0.01	0.0	25.71	0.21	0	6474617	52885
RSS0001603	27910215.0	267.0	19766237.0	70.82	283.42	22078140.0	22054510.0	21861368.0	172800.0	24254.0	19718.0	0.34	0.01	1.91	0.01	1.69	663466.0	2.38	2755.0	0.01	0.0	26.68	0.11	0	7447053	30704
RSS0001604	23855113.0	268.0	17093968.0	71.66	283.69	18992986.0	18971848.0	18806512.0	148326.0	20858.0	17290.0	0.33	0.01	1.92	0.01	1.7	568232.0	2.38	2241.0	0.01	0.0	25.84	0.11	0	6164430	26242
RSS0001605	23834889.0	269.0	17045523.0	71.52	283.31	18514681.0	18490923.0	18329728.0	150185.0	17986.0	16782.0	0.36	0.01	1.92	0.01	1.71	734765.0	3.08	3886.0	0.02	0.0	25.26	0.13	0	6019735	30980
RSS0001606	32142075.0	266.0	22593489.0	70.29	283.09	24853686.0	24827200.0	24603994.0	199749.0	27377.0	22566.0	0.39	0.01	1.91	0.01	1.7	769452.0	2.39	3350.0	0.01	0.0	27.19	0.11	0	8740424	35360
RSS0001607	22145170.0	267.0	15707814.0	70.93	283.08	17473299.0	17450765.0	17300663.0	139462.0	16605.0	16569.0	0.39	0.01	1.92	0.01	1.72	704907.0	3.18	3410.0	0.02	0.0	25.74	0.14	0	5698047	30992
RSS0001608	21369853.0	264.0	14655604.0	68.58	281.99	15953985.0	15933132.0	15800825.0	123248.0	15398.0	14514.0	0.49	0.01	1.91	0.01	1.72	654748.0	3.06	3653.0	0.02	0.0	28.21	0.13	0	6028069	27779
RSS0001609	38996434.0	261.0	25204240.0	64.63	282.03	27438914.0	27409750.0	27167245.0	215527.0	31044.0	25098.0	0.35	0.01	1.9	0.01	1.68	886425.0	2.27	4477.0	0.01	0.0	32.97	0.11	0	12858392	42900
RSS0001610	25563610.0	269.0	18407972.0	72.01	283.42	20107643.0	20085918.0	19908025.0	157822.0	23263.0	18533.0	0.37	0.01	1.9	0.01	1.7	608948.0	2.38	2453.0	0.01	0.0	25.49	0.11	0	6516117	28120
RSS0001611	27184422.0	269.0	19542003.0	71.89	283.57	21696701.0	21673708.0	21481224.0	171957.0	24219.0	19301.0	0.34	0.01	1.9	0.01	1.69	645259.0	2.37	2496.0	0.01	0.0	25.62	0.11	0	6964761	29903
RSS0001612	30831777.0	268.0	21896135.0	71.02	283.43	24221352.0	24196743.0	23978167.0	192723.0	26862.0	23600.0	0.33	0.01	1.9	0.01	1.68	726704.0	2.36	2882.0	0.01	0.0	26.51	0.1	0	8175218	30838
RSS0001613	32588212.0	266.0	22594050.0	69.33	283.07	24717368.0	24691299.0	24469892.0	196290.0	27671.0	23515.0	0.35	0.01	1.91	0.01	1.69	760361.0	2.33	3625.0	0.01	0.0	28.21	0.11	0	9194324	35852
RSS0001614	25237939.0	271.0	18699977.0	74.09	283.95	20663440.0	20641382.0	20452641.0	164057.0	27457.0	19285.0	0.34	0.01	1.92	0.01	1.7	604910.0	2.4	2277.0	0.01	0.0	23.39	0.11	0	5903014	27761
RSS0001615	23384041.0	266.0	16518164.0	70.64	283.35	18198893.0	18179714.0	18019765.0	142149.0	20434.0	16545.0	0.35	0.01	1.9	0.01	1.67	536447.0	2.29	2433.0	0.01	0.0	26.95	0.11	0	6301278	25720
RSS0001616	26343379.0	265.0	18125383.0	68.8	283.11	19990629.0	19969165.0	19795792.0	154901.0	22031.0	17905.0	0.34	0.01	1.9	0.01	1.71	601705.0	2.28	2858.0	0.01	0.0	28.79	0.11	0	7584455	28978
RSS0001617	37168032.0	260.0	23805770.0	64.05	281.89	26058593.0	26030515.0	25802172.0	203392.0	28784.0	24245.0	0.37	0.01	1.9	0.01	1.7	831450.0	2.24	4337.0	0.01	0.0	33.59	0.11	0	12485587	40888
RSS0001618	33064999.0	268.0	23630511.0	71.47	283.48	26233803.0	26206659.0	25975130.0	204172.0	29960.0	24541.0	0.35	0.01	1.9	0.01	1.7	782859.0	2.37	3223.0	0.01	0.0	26.05	0.11	0	8612040	36366
RSS0001619	30395863.0	266.0	21125795.0	69.5	283.16	23380464.0	23356047.0	23149823.0	182252.0	26218.0	22171.0	0.34	0.01	1.91	0.01	1.69	699289.0	2.3	3042.0	0.01	0.0	28.08	0.11	0	8534305	33432
RSS0001620	35468079.0	267.0	24748060.0	69.78	283.07	27457663.0	27428618.0	27187019.0	214535.0	30984.0	25125.0	0.36	0.01	1.9	0.01	1.69	835655.0	2.36	3500.0	0.01	0.0	27.75	0.11	0	9841851	39013
RSS0001621	32081025.0	268.0	22802143.0	71.08	283.39	25047343.0	25021489.0	24800607.0	196314.0	27873.0	22549.0	0.36	0.01	1.9	0.01	1.69	762970.0	2.38	3286.0	0.01	0.0	26.42	0.11	0	8477331	35295
RSS0001622	30619140.0	268.0	21888216.0	71.49	283.31	23801386.0	23776444.0	23564675.0	189224.0	26461.0	21026.0	0.38	0.01	1.9	0.01	1.68	733793.0	2.4	3068.0	0.01	0.0	26.0	0.11	0	7960384	33679
RSS0001623	23865654.0	264.0	16604885.0	69.58	283.2	18174472.0	18155101.0	17996020.0	140987.0	20458.0	17007.0	0.36	0.01	1.9	0.01	1.7	550823.0	2.31	2636.0	0.01	0.0	28.0	0.11	0	6681063	26247
RSS0001624	24483712.0	265.0	16907086.0	69.05	283.06	18581036.0	18561006.0	18398338.0	144898.0	20543.0	17257.0	0.35	0.01	1.9	0.01	1.69	558837.0	2.28	2464.0	0.01	0.0	28.55	0.11	0	6988399	26926
RSS0001625	39592985.0	261.0	25559664.0	64.56	282.05	27854254.0	27824728.0	27576445.0	219379.0	32348.0	26082.0	0.35	0.01	1.89	0.01	1.67	882344.0	2.23	4354.0	0.01	0.0	33.1	0.11	0	13103078	43545
RSS0001626	26716163.0	267.0	18913638.0	70.79	283.57	20752921.0	20731581.0	20548843.0	161214.0	23680.0	19184.0	0.33	0.01	1.89	0.01	1.69	616823.0	2.31	2612.0	0.01	0.0	26.78	0.11	0	7153706	29384
RSS0001627	29918802.0	265.0	20724083.0	69.27	283.08	23069951.0	23045755.0	22843325.0	180177.0	25686.0	20763.0	0.35	0.01	1.89	0.01	1.7	698224.0	2.33	3060.0	0.01	0.0	28.28	0.11	0	8460526	32909
RSS0001628	30659721.0	267.0	21800139.0	71.1	283.53	24087107.0	24061809.0	23846991.0	190559.0	27330.0	22227.0	0.35	0.01	1.91	0.01	1.7	722073.0	2.36	3066.0	0.01	0.0	26.42	0.11	0	8100716	33727
RSS0001629	28084775.0	264.0	19572445.0	69.69	283.35	21408143.0	21385594.0	21197494.0	167363.0	24031.0	19255.0	0.34	0.01	1.92	0.01	1.69	649849.0	2.31	3046.0	0.01	0.0	27.87	0.11	0	7828537	30898
RSS0001630	38143171.0	266.0	26633035.0	69.82	283.17	29391131.0	29360980.0	29099689.0	230563.0	34077.0	26802.0	0.34	0.01	1.9	0.01	1.7	906140.0	2.38	4092.0	0.01	0.0	27.68	0.11	0	10557947	41957
RSS0001631	24954254.0	266.0	17574374.0	70.43	283.37	19241923.0	19221376.0	19050962.0	151508.0	21907.0	17546.0	0.34	0.01	1.9	0.01	1.69	575372.0	2.31	2623.0	0.01	0.0	27.15	0.11	0	6774438	27447
RSS0001632	32791502.0	268.0	23431609.0	71.46	283.55	25261812.0	25235720.0	25007551.0	202487.0	28936.0	22838.0	0.34	0.01	1.9	0.01	1.68	780609.0	2.38	3512.0	0.01	0.0	26.04	0.11	0	8539698	36074
RSS0001633	33889742.0	248.0	18534190.0	54.69	279.65	19920611.0	19897253.0	19720795.0	158334.0	22165.0	19317.0	0.37	0.01	1.9	0.01	1.69	677899.0	2.0	5200.0	0.02	0.0	43.18	0.12	0	14631790	40663
RSS0001634	30672843.0	268.0	22056725.0	71.91	283.7	23485621.0	23461336.0	23249059.0	184736.0	30540.0	21286.0	0.34	0.01	1.89	0.01	1.69	744444.0	2.43	3297.0	0.01	0.0	25.54	0.11	0	7834633	33744
RSS0001635	31038856.0	263.0	21214030.0	68.35	282.97	23484314.0	23459303.0	23252033.0	184592.0	26029.0	21660.0	0.34	0.01	1.9	0.01	1.68	713463.0	2.3	3381.0	0.01	0.0	29.23	0.11	0	9073835	34147
RSS0001636	34810756.0	266.0	24255686.0	69.68	283.1	27059816.0	27031630.0	26793348.0	210906.0	30639.0	24923.0	0.35	0.01	1.9	0.01	1.7	811697.0	2.33	3400.0	0.01	0.0	27.87	0.11	0	9701681	38292
RSS0001637	24263276.0	268.0	17389745.0	71.67	283.57	19134532.0	19113983.0	18947400.0	148649.0	21094.0	17389.0	0.35	0.01	1.89	0.01	1.71	568089.0	2.34	2330.0	0.01	0.0	25.87	0.11	0	6276424	26688
RSS0001638	28919674.0	269.0	20928399.0	72.37	283.61	23072118.0	23047758.0	22842190.0	182520.0	26058.0	21350.0	0.35	0.01	1.9	0.01	1.71	700380.0	2.42	2744.0	0.01	0.0	25.09	0.11	0	7256338	31813
RSS0001639	26704986.0	268.0	19069247.0	71.41	283.33	21064771.0	21042890.0	20860430.0	161372.0	23784.0	19185.0	0.38	0.01	1.9	0.01	1.7	622193.0	2.33	2626.0	0.01	0.0	26.15	0.11	0	6981552	29368
RSS0001640	23341581.0	266.0	16253694.0	69.63	283.05	17981581.0	17962182.0	17805736.0	139035.0	20115.0	16695.0	0.36	0.01	1.9	0.01	1.7	535275.0	2.29	2362.0	0.01	0.0	27.96	0.1	0	6526906	23344
RSS0001641	44068856.0	238.0	21094968.0	47.87	277.31	22769252.0	22742174.0	22539124.0	180907.0	26082.0	23139.0	0.38	0.01	1.9	0.01	1.69	798434.0	1.81	7145.0	0.02	0.0	50.18	0.12	0	22115422	52887
RSS0001642	28495141.0	266.0	19742402.0	69.28	282.8	21373234.0	21350590.0	21164710.0	164898.0	23875.0	19751.0	0.4	0.01	1.9	0.01	1.71	661264.0	2.32	3091.0	0.01	0.0	28.28	0.11	0	8057045	31339
RSS0001643	20212668.0	267.0	14215558.0	70.33	283.25	15708750.0	15692148.0	15554362.0	123599.0	17581.0	13208.0	0.35	0.01	1.91	0.01	1.68	465955.0	2.31	1959.0	0.01	0.0	27.25	0.11	0	5506966	22230
RSS0001644	30633406.0	263.0	20745285.0	67.72	282.74	22807077.0	22783358.0	22584840.0	175920.0	25668.0	20649.0	0.35	0.01	1.9	0.01	1.69	695617.0	2.27	3469.0	0.01	0.0	29.88	0.11	0	9155331	33704
RSS0001645	18014792.0	268.0	12851127.0	71.34	283.58	14180958.0	14166157.0	14044468.0	108504.0	15773.0	12213.0	0.33	0.01	1.9	0.01	1.68	411631.0	2.28	1788.0	0.01	0.0	26.26	0.11	0	4730431	19815
RSS0001646	26471086.0	267.0	18531870.0	70.01	283.13	20299539.0	20277973.0	20101056.0	156060.0	23464.0	18959.0	0.39	0.01	1.9	0.01	1.72	610123.0	2.3	2724.0	0.01	0.0	27.57	0.11	0	7297254	29115
RSS0001647	19447728.0	266.0	13516737.0	69.5	283.09	14771595.0	14755962.0	14628221.0	114366.0	16079.0	12929.0	0.35	0.01	1.91	0.01	1.67	438669.0	2.26	1995.0	0.01	0.0	28.12	0.11	0	5468934	21393
RSS0001648	19952235.0	264.0	13403336.0	67.18	282.58	14580804.0	14565126.0	14438204.0	113867.0	15913.0	12820.0	0.35	0.01	1.91	0.01	1.65	448704.0	2.25	2269.0	0.01	0.0	30.45	0.11	0	6075977	21949
RSS0001649	67397171.0	191.0	20492359.0	30.41	269.97	21241285.0	21211227.0	20992638.0	198473.0	24167.0	26007.0	0.41	0.01	1.91	0.01	1.69	3326728.0	4.94	24025.0	0.04	0.0	64.39	0.23	0	43399038	155021
RSS0001650	36381106.0	242.0	19022397.0	52.29	279.22	20653054.0	20630126.0	20448275.0	161986.0	23046.0	19747.0	0.36	0.01	1.92	0.01	1.69	704129.0	1.94	6105.0	0.02	0.0	45.64	0.13	0	16601189	47286
RSS0001651	30735952.0	256.0	19087948.0	62.1	281.67	21027981.0	21005675.0	20821957.0	162671.0	23760.0	19593.0	0.35	0.01	1.91	0.01	1.7	650813.0	2.12	3970.0	0.01	0.0	35.65	0.12	0	10956341	36880
RSS0001652	23239559.0	261.0	15028123.0	64.67	282.23	16410168.0	16392612.0	16245571.0	131472.0	18020.0	15105.0	0.34	0.01	1.91	0.01	1.7	602227.0	2.59	3170.0	0.01	0.0	32.62	0.11	0	7580476	25563
RSS0001653	25467129.0	261.0	17306320.0	67.96	282.84	18898407.0	18877907.0	18711706.0	147241.0	21723.0	17737.0	0.38	0.01	1.91	0.01	1.69	570328.0	2.24	3022.0	0.01	0.0	29.68	0.11	0	7559442	28017
RSS0001654	26899437.0	254.0	16904274.0	62.84	282.17	18547123.0	18527095.0	18364513.0	144504.0	20914.0	17192.0	0.34	0.01	1.91	0.01	1.7	574790.0	2.14	3637.0	0.01	0.0	34.89	0.12	0	9384459	32277
RSS0001655	31772962.0	251.0	19051751.0	59.96	281.23	21149272.0	21126328.0	20941936.0	163341.0	24042.0	19953.0	0.34	0.01	1.92	0.01	1.71	652329.0	2.05	4493.0	0.01	0.0	37.85	0.12	0	12026261	38128
RSS0001656	30325799.0	239.0	14915449.0	49.18	278.01	16144249.0	16124747.0	15984018.0	125949.0	18248.0	16034.0	0.38	0.01	1.91	0.01	1.69	546683.0	1.8	5187.0	0.02	0.0	48.88	0.12	0	14822092	36388
RSS0001657	22881065.0	253.0	12744577.0	55.7	279.3	13902140.0	13885966.0	13766135.0	107912.0	15354.0	12739.0	0.37	0.01	1.93	0.01	1.67	454314.0	1.99	3018.0	0.01	0.0	42.19	0.12	0	9651704	27452
RSS0001658	33003209.0	265.0	22103657.0	66.97	282.4	24279708.0	24254498.0	24040858.0	189233.0	26845.0	22772.0	0.35	0.01	1.93	0.01	1.7	756821.0	2.29	3519.0	0.01	0.0	30.61	0.11	0	10102906	36306
RSS0001659	28895875.0	269.0	20843031.0	72.13	283.41	23070365.0	23046239.0	22844292.0	179866.0	25405.0	20802.0	0.35	0.01	1.9	0.01	1.68	688778.0	2.38	2719.0	0.01	0.0	25.36	0.11	0	7329555	31792
RSS0001660	21537090.0	267.0	15100294.0	70.11	283.14	16741413.0	16723427.0	16574941.0	132358.0	19400.0	14714.0	0.34	0.01	1.9	0.01	1.69	498948.0	2.32	2198.0	0.01	0.0	27.45	0.11	0	5911959	23691
RSS0001661	25646122.0	266.0	17957073.0	70.02	282.88	19642277.0	19621609.0	19448678.0	154860.0	21857.0	16882.0	0.4	0.01	1.92	0.01	1.67	605826.0	2.36	2693.0	0.01	0.0	27.49	0.12	0	7049756	30774
RSS0001662	32959876.0	262.0	21971456.0	66.66	282.49	24284817.0	24259257.0	24041854.0	194472.0	26856.0	21635.0	0.35	0.01	1.91	0.01	1.68	751997.0	2.28	3599.0	0.01	0.0	30.93	0.12	0	10193277	39547
RSS0001663	22848103.0	249.0	12488465.0	54.66	279.32	13971159.0	13954906.0	13831911.0	110694.0	15391.0	13163.0	0.36	0.01	1.92	0.01	1.68	439439.0	1.92	3062.0	0.01	0.0	43.29	0.12	0	9889723	27414
RSS0001664	52244387.0	217.0	19694534.0	37.7	272.89	21447230.0	21420746.0	21228008.0	172578.0	24110.0	22534.0	0.41	0.01	1.91	0.01	1.67	818805.0	1.57	11511.0	0.02	0.0	60.58	0.14	0	31646402	73135
RSS0001665	17725824.0	270.0	13099372.0	73.9	283.65	14160245.0	14144804.0	14021454.0	110116.0	16013.0	12662.0	0.38	0.01	1.9	0.01	1.68	424883.0	2.4	1793.0	0.01	0.0	23.58	0.11	0	4180275	19501
RSS0001666	29762529.0	268.0	21540601.0	72.37	283.61	23807439.0	23782984.0	23572977.0	186932.0	26601.0	20929.0	0.34	0.01	1.93	0.01	1.68	715089.0	2.4	2877.0	0.01	0.0	25.1	0.11	0	7471220	32742
RSS0001667	29853763.0	270.0	21928169.0	73.45	283.74	24575941.0	24550422.0	24333196.0	192191.0	28541.0	22013.0	0.35	0.01	1.9	0.01	1.7	720855.0	2.41	2702.0	0.01	0.0	24.01	0.11	0	7169192	32845
RSS0001668	25435835.0	270.0	18777613.0	73.82	283.92	20436850.0	20415474.0	20233635.0	161849.0	23629.0	17737.0	0.34	0.01	1.92	0.01	1.68	622084.0	2.45	2414.0	0.01	0.0	23.61	0.11	0	6005743	27981
RSS0001669	22105361.0	269.0	16141400.0	73.02	283.73	17909435.0	17890571.0	17734813.0	138782.0	20342.0	15498.0	0.35	0.01	1.91	0.01	1.69	528145.0	2.39	2182.0	0.01	0.0	24.47	0.11	0	5409317	24317
RSS0001670	16538625.0	268.0	11923747.0	72.1	283.59	13086868.0	13072631.0	12959569.0	101281.0	14546.0	11472.0	0.35	0.01	1.93	0.01	1.69	388113.0	2.35	1767.0	0.01	0.0	25.43	0.11	0	4206801	18197
RSS0001671	17823386.0	263.0	12223030.0	68.58	282.69	13684618.0	13670088.0	13552528.0	104579.0	15268.0	12243.0	0.39	0.01	1.93	0.01	1.69	398184.0	2.23	1836.0	0.01	0.0	29.06	0.11	0	5180726	19610
RSS0001672	24438599.0	236.0	11308096.0	46.27	276.63	12500707.0	12484937.0	12378045.0	96045.0	14010.0	12607.0	0.38	0.01	1.93	0.01	1.69	418930.0	1.71	4131.0	0.02	0.0	51.88	0.12	0	12678117	29325
RSS0001673	21090612.0	268.0	15125414.0	71.72	283.58	16672871.0	16654726.0	16507325.0	131544.0	19005.0	14997.0	0.34	0.01	1.91	0.01	1.65	495973.0	2.35	2117.0	0.01	0.0	25.81	0.11	0	5443907	23201
RSS0001674	32175901.0	269.0	23297792.0	72.41	283.58	25585853.0	25559619.0	25331524.0	203052.0	28348.0	22929.0	0.35	0.01	1.91	0.01	1.67	779148.0	2.42	3040.0	0.01	0.0	25.04	0.12	0	8057308	38613
RSS0001675	25822032.0	269.0	18788464.0	72.76	283.65	20996115.0	20973812.0	20789300.0	164101.0	24056.0	18658.0	0.34	0.01	1.92	0.01	1.68	615171.0	2.38	2315.0	0.01	0.0	24.73	0.11	0	6387669	28413
RSS0001676	25272587.0	268.0	18107001.0	71.65	283.42	19995005.0	19974210.0	19798098.0	157045.0	22409.0	17453.0	0.35	0.01	1.91	0.01	1.68	599480.0	2.37	2636.0	0.01	0.0	25.86	0.11	0	6535669	27801
RSS0001677	29942241.0	270.0	22082760.0	73.75	283.95	23916562.0	23892627.0	23681088.0	188600.0	26854.0	20020.0	0.33	0.01	1.93	0.01	1.68	735543.0	2.46	3140.0	0.01	0.0	23.67	0.11	0	7087859	32939
RSS0001678	22997159.0	269.0	16780390.0	72.97	283.3	18484049.0	18464959.0	18302663.0	144517.0	20878.0	15991.0	0.41	0.01	1.91	0.01	1.68	548822.0	2.39	2157.0	0.01	0.0	24.53	0.11	0	5640496	25294
RSS0001679	20881573.0	268.0	14922731.0	71.46	283.41	16371674.0	16353820.0	16212475.0	125636.0	19348.0	14215.0	0.36	0.01	1.92	0.01	1.68	488870.0	2.34	2090.0	0.01	0.0	26.08	0.11	0	5444916	22966
RSS0001680	34693443.0	254.0	19409041.0	55.94	279.69	20617281.0	20594112.0	20406570.0	163789.0	27006.0	19916.0	0.36	0.01	1.92	0.01	1.69	709210.0	2.04	4969.0	0.01	0.0	41.88	0.12	0	14528594	41629
RSS0001681	18518333.0	268.0	13337539.0	72.02	283.51	14543431.0	14527128.0	14399694.0	114295.0	16082.0	13360.0	0.35	0.01	1.91	0.01	1.69	517398.0	2.79	2050.0	0.01	0.0	25.06	0.11	0	4640975	20371
RSS0001682	28872589.0	268.0	21061665.0	72.95	283.69	22511372.0	22488502.0	22287700.0	179222.0	24883.0	19567.0	0.35	0.01	1.93	0.01	1.67	701685.0	2.43	3313.0	0.01	0.0	24.5	0.12	0	7071291	34635
RSS0001683	29107213.0	268.0	20986932.0	72.1	283.57	23426877.0	23402625.0	23194955.0	184838.0	26071.0	21013.0	0.34	0.01	1.92	0.01	1.69	693632.0	2.38	2829.0	0.01	0.0	25.39	0.11	0	7391796	32024
RSS0001684	26898935.0	268.0	19375806.0	72.03	283.53	21353157.0	21330020.0	21145038.0	164847.0	23834.0	19438.0	0.34	0.01	1.92	0.01	1.7	636878.0	2.37	2719.0	0.01	0.0	25.48	0.11	0	6853943	29589
RSS0001685	23921854.0	269.0	17363211.0	72.58	283.5	19254163.0	19234323.0	19065314.0	150046.0	21965.0	16838.0	0.37	0.01	1.92	0.01	1.7	565823.0	2.37	2465.0	0.01	0.0	24.93	0.12	0	5961659	28696
RSS0001686	24353779.0	267.0	17374537.0	71.34	283.45	19202494.0	19182739.0	19013080.0	150214.0	22155.0	17045.0	0.36	0.01	1.93	0.01	1.69	569535.0	2.34	2516.0	0.01	0.0	26.2	0.11	0	6380403	26788
RSS0001687	22680634.0	268.0	16400733.0	72.31	283.54	18279744.0	18260459.0	18098832.0	143672.0	20484.0	16756.0	0.36	0.01	1.92	0.01	1.7	532291.0	2.35	2165.0	0.01	0.0	25.22	0.11	0	5720494	24951
RSS0001688	24199792.0	248.0	13039777.0	53.88	279.08	14175568.0	14158871.0	14036490.0	109381.0	16424.0	13273.0	0.39	0.01	1.94	0.01	1.67	465437.0	1.92	3516.0	0.01	0.0	44.06	0.12	0	10662023	29039
RSS0001689	25912372.0	268.0	18662020.0	72.02	283.43	20449298.0	20427711.0	20248181.0	160335.0	23139.0	17643.0	0.36	0.01	1.91	0.01	1.69	613513.0	2.37	2500.0	0.01	0.0	25.49	0.11	0	6605832	28507
RSS0001690	33091994.0	267.0	23354660.0	70.57	283.34	25660377.0	25633635.0	25408402.0	200116.0	28373.0	23486.0	0.34	0.01	1.93	0.01	1.69	779674.0	2.36	3366.0	0.01	0.0	26.94	0.11	0	8917881	36413
RSS0001691	30062259.0	269.0	21769537.0	72.41	283.67	24074029.0	24048259.0	23830100.0	188722.0	33037.0	22170.0	0.33	0.01	1.92	0.01	1.7	721840.0	2.4	2914.0	0.01	0.0	25.06	0.11	0	7534894	33074
RSS0001692	29284282.0	268.0	20935951.0	71.49	283.43	22969411.0	22944954.0	22741316.0	180869.0	26195.0	21031.0	0.35	0.01	1.92	0.01	1.7	704299.0	2.41	2971.0	0.01	0.0	25.97	0.12	0	7605916	35145
RSS0001693	35022009.0	267.0	24879391.0	71.04	283.5	27559438.0	27530671.0	27283017.0	221116.0	31030.0	24275.0	0.33	0.01	1.92	0.01	1.7	832982.0	2.38	3623.0	0.01	0.0	26.46	0.12	0	9263999	42014
RSS0001694	23247985.0	265.0	16288182.0	70.06	282.41	17820079.0	17800458.0	17641423.0	138813.0	23487.0	16356.0	0.48	0.01	1.9	0.01	1.69	543988.0	2.34	2260.0	0.01	0.0	27.47	0.12	0	6385660	27895
RSS0001695	21797539.0	266.0	15319759.0	70.28	283.2	17000829.0	16982638.0	16833967.0	131753.0	19725.0	15384.0	0.35	0.01	1.93	0.01	1.69	502263.0	2.3	2284.0	0.01	0.0	27.29	0.12	0	5947082	26151
RSS0001696	26849368.0	263.0	17891332.0	66.64	282.49	19669603.0	19648698.0	19472020.0	158171.0	22218.0	17194.0	0.34	0.01	1.92	0.01	1.69	604544.0	2.25	2993.0	0.01	0.0	30.99	0.11	0	8320963	29536
RSS0001697	32449555.0	266.0	22856450.0	70.44	283.21	25543602.0	25516880.0	25289698.0	201359.0	29328.0	23217.0	0.35	0.01	1.93	0.01	1.7	764782.0	2.36	3386.0	0.01	0.0	27.08	0.12	0	8786003	38934
RSS0001698	28537090.0	267.0	20257701.0	70.99	283.48	22334442.0	22310465.0	22115207.0	174268.0	24896.0	20071.0	0.34	0.01	1.92	0.01	1.7	676305.0	2.37	3033.0	0.01	0.0	26.52	0.11	0	7568658	31393
RSS0001699	29223019.0	267.0	20549450.0	70.32	283.33	23022764.0	22997976.0	22796134.0	179331.0	25781.0	21518.0	0.34	0.01	1.92	0.01	1.71	682480.0	2.34	2761.0	0.01	0.0	27.22	0.12	0	7953266	35062
RSS0001700	33519610.0	267.0	23875993.0	71.23	283.32	25368129.0	25341650.0	25116305.0	201807.0	27420.0	22597.0	0.37	0.01	1.91	0.01	1.66	817812.0	2.44	3862.0	0.01	0.0	26.19	0.12	0	8781706	40237
RSS0001701	25827409.0	268.0	18411239.0	71.29	283.21	19825527.0	19804271.0	19631019.0	154378.0	22502.0	17628.0	0.38	0.01	1.91	0.01	1.69	627963.0	2.43	2845.0	0.01	0.0	26.15	0.12	0	6754367	30995
RSS0001702	27832006.0	268.0	19814798.0	71.19	283.39	20834120.0	20811831.0	20627799.0	165028.0	23382.0	17911.0	0.36	0.01	1.93	0.01	1.68	670819.0	2.41	3216.0	0.01	0.0	26.26	0.12	0	7309770	33403
RSS0001703	22349081.0	266.0	15675961.0	70.14	283.39	17313300.0	17294316.0	17143793.0	134645.0	19409.0	15453.0	0.33	0.01	1.92	0.01	1.7	512014.0	2.29	2443.0	0.01	0.0	27.44	0.11	0	6134073	24590
RSS0001704	29043655.0	261.0	18931798.0	65.18	282.19	20902906.0	20880161.0	20695776.0	165258.0	23224.0	18648.0	0.34	0.01	1.94	0.01	1.68	640738.0	2.21	3375.0	0.01	0.0	32.48	0.12	0	9432893	34851
RSS0001706	29523881.0	266.0	21131337.0	71.57	283.48	23031469.0	23008010.0	22806443.0	178699.0	25680.0	20647.0	0.36	0.01	1.92	0.01	1.69	703636.0	2.38	3178.0	0.01	0.0	25.92	0.11	0	7653251	32479
RSS0001707	30596021.0	263.0	21170911.0	69.19	282.74	22480240.0	22456183.0	22255222.0	179902.0	24760.0	20356.0	0.44	0.01	1.92	0.01	1.68	733988.0	2.4	3747.0	0.01	0.0	28.27	0.12	0	8650655	36720
RSS0001708	33489910.0	264.0	23403968.0	69.88	283.38	25138562.0	25113204.0	24889088.0	198649.0	28127.0	22698.0	0.34	0.01	1.91	0.01	1.7	803521.0	2.4	4151.0	0.01	0.0	27.58	0.13	0	9234741	43529
RSS0001709	29685042.0	269.0	21407036.0	72.11	283.47	23883040.0	23857847.0	23648133.0	187668.0	26296.0	20943.0	0.35	0.01	1.92	0.01	1.7	708775.0	2.39	2901.0	0.01	0.0	25.37	0.11	0	7533665	32665
RSS0001710	26864930.0	267.0	19053387.0	70.92	283.41	20982967.0	20961074.0	20773346.0	167206.0	23804.0	18611.0	0.34	0.01	1.91	0.01	1.68	642049.0	2.39	2704.0	0.01	0.0	26.56	0.12	0	7134556	32234
RSS0001711	29358068.0	266.0	20530535.0	69.93	283.21	22808434.0	22784094.0	22584118.0	177181.0	26393.0	20742.0	0.34	0.01	1.91	0.01	1.7	681396.0	2.32	3172.0	0.01	0.0	27.62	0.11	0	8110663	32302
RSS0001712	29337240.0	250.0	16492874.0	56.22	279.98	17945814.0	17925175.0	17767241.0	142034.0	19719.0	16820.0	0.37	0.01	1.94	0.01	1.68	593749.0	2.02	4313.0	0.01	0.0	41.62	0.12	0	12211097	35207
RSS0001713	31428372.0	271.0	23277196.0	74.06	283.95	25292898.0	25268016.0	25044055.0	198351.0	28156.0	22336.0	0.34	0.01	1.91	0.01	1.7	775738.0	2.47	2974.0	0.01	0.0	23.35	0.11	0	7337896	34568
RSS0001714	32361633.0	269.0	23466223.0	72.51	283.65	25642788.0	25616914.0	25385383.0	206250.0	28636.0	22519.0	0.36	0.01	1.92	0.01	1.69	780750.0	2.41	3360.0	0.01	0.0	24.95	0.11	0	8075696	35604
RSS0001717	31101945.0	267.0	21986895.0	70.69	283.4	24600961.0	24575024.0	24357583.0	192571.0	27849.0	22958.0	0.33	0.01	1.92	0.01	1.71	729189.0	2.34	3055.0	0.01	0.0	26.84	0.11	0	8348590	34216
RSS0001718	31044028.0	264.0	21469513.0	69.16	282.77	23266882.0	23242050.0	23033066.0	187919.0	25489.0	20408.0	0.4	0.01	1.93	0.01	1.67	740418.0	2.39	3687.0	0.01	0.0	28.32	0.12	0	8793151	37259
RSS0001719	26223961.0	264.0	18228867.0	69.51	283.23	20288949.0	20267582.0	20087233.0	160844.0	22843.0	18029.0	0.34	0.01	1.92	0.01	1.7	604977.0	2.31	2937.0	0.01	0.0	28.06	0.11	0	7358334	28846
RSS0001720	25393949.0	266.0	17640286.0	69.47	282.89	19354228.0	19332992.0	19158744.0	151395.0	26070.0	18019.0	0.38	0.01	1.91	0.01	1.7	588773.0	2.32	2708.0	0.01	0.0	28.09	0.12	0	7131715	30467
RSS0001721	25210375.0	266.0	17699598.0	70.21	283.3	19057099.0	19036350.0	18868964.0	149879.0	21011.0	17245.0	0.35	0.01	1.92	0.01	1.69	585936.0	2.32	2884.0	0.01	0.0	27.34	0.12	0	6891708	30249
RSS0001722	30904554.0	266.0	21722074.0	70.29	283.27	23883828.0	23859105.0	23644701.0	191230.0	26829.0	21068.0	0.34	0.01	1.92	0.01	1.69	728640.0	2.36	3283.0	0.01	0.0	27.23	0.11	0	8416557	34000
RSS0001723	18155144.0	267.0	12575470.0	69.27	283.17	12983394.0	12970985.0	12859933.0	97446.0	13907.0	12108.0	0.35	0.01	1.87	0.01	1.7	504773.0	2.78	2143.0	0.01	0.0	27.83	0.11	0	5052787	19971
RSS0001724	36159174.0	268.0	25828564.0	71.43	283.66	27480716.0	27453400.0	27207112.0	218467.0	30019.0	25118.0	0.33	0.01	1.91	0.01	1.71	876716.0	2.42	3991.0	0.01	0.0	26.02	0.11	0	9410122	39781
RSS0001725	30511926.0	266.0	21229862.0	69.58	283.08	23741865.0	23716700.0	23508175.0	185773.0	26545.0	21372.0	0.35	0.01	1.91	0.01	1.69	709482.0	2.33	3217.0	0.01	0.0	27.97	0.11	0	8535796	33569
RSS0001726	24680955.0	266.0	17184711.0	69.63	283.03	18996252.0	18975319.0	18808340.0	149446.0	21095.0	17371.0	0.38	0.01	1.89	0.01	1.69	574783.0	2.33	2580.0	0.01	0.0	27.92	0.11	0	6891729	27152
RSS0001727	28862823.0	267.0	20437531.0	70.81	283.43	22932773.0	22908527.0	22701328.0	180106.0	30075.0	21264.0	0.34	0.01	1.92	0.01	1.7	677896.0	2.35	2825.0	0.01	0.0	26.71	0.12	0	7709933	34638
RSS0001728	25689182.0	260.0	16834102.0	65.53	282.34	18707271.0	18686743.0	18518876.0	149712.0	21492.0	17191.0	0.35	0.01	1.91	0.01	1.7	572360.0	2.23	3011.0	0.01	0.0	32.11	0.12	0	8248882	30827
RSS0001729	31613485.0	262.0	21930258.0	69.37	283.23	23602432.0	23578731.0	23366462.0	183285.0	31127.0	21558.0	0.35	0.01	1.93	0.01	1.69	751003.0	2.38	3932.0	0.01	0.0	28.12	0.12	0	8890353	37939
RSS0001730	40149946.0	269.0	28928935.0	72.05	283.43	31698573.0	31669006.0	31380662.0	248942.0	41098.0	27871.0	0.35	0.01	1.92	0.01	1.69	988212.0	2.46	4091.0	0.01	0.0	25.36	0.12	0	10180535	48173
RSS0001731	27299384.0	268.0	19562179.0	71.66	283.47	21079360.0	21056643.0	20871668.0	165603.0	23547.0	18542.0	0.37	0.01	1.91	0.01	1.68	660535.0	2.42	2722.0	0.01	0.0	25.79	0.12	0	7041186	32762
RSS0001732	34257348.0	268.0	24546502.0	71.65	283.36	25934337.0	25908974.0	25676642.0	205785.0	28767.0	23143.0	0.38	0.01	1.9	0.01	1.7	865242.0	2.53	3762.0	0.01	0.0	25.68	0.13	0	8797307	44535
RSS0001733	30150080.0	268.0	21624466.0	71.72	283.27	23961788.0	23936984.0	23719311.0	193787.0	27267.0	21423.0	0.39	0.01	1.92	0.01	1.69	719757.0	2.39	2972.0	0.01	0.0	25.77	0.11	0	7769720	33165
RSS0001734	27117509.0	267.0	19430723.0	71.65	283.66	21236084.0	21213984.0	21021862.0	171965.0	23702.0	18555.0	0.34	0.01	1.9	0.01	1.69	645808.0	2.38	2879.0	0.01	0.0	25.83	0.12	0	7005553	32546
RSS0001735	27861468.0	268.0	19985069.0	71.73	283.64	22144351.0	22121110.0	21927835.0	171466.0	25351.0	19699.0	0.33	0.01	1.91	0.01	1.7	660787.0	2.37	2778.0	0.01	0.0	25.77	0.12	0	7179403	33431
RSS0001736	24370109.0	263.0	16309916.0	66.93	282.75	18092457.0	18072813.0	17913695.0	142260.0	20003.0	16499.0	0.33	0.01	1.92	0.01	1.69	547810.0	2.25	2713.0	0.01	0.0	30.7	0.11	0	7482858	26812
RSS0001737	29776836.0	264.0	20014872.0	67.22	282.67	22008089.0	21984713.0	21787280.0	177124.0	24214.0	19471.0	0.34	0.01	1.92	0.01	1.68	684435.0	2.3	3290.0	0.01	0.0	30.36	0.12	0	9038514	35725
RSS0001738	31821669.0	269.0	22992044.0	72.25	283.63	25086527.0	25060655.0	24837629.0	198362.0	28253.0	22283.0	0.34	0.01	1.91	0.01	1.68	770611.0	2.42	3226.0	0.01	0.0	25.2	0.11	0	8020777	35011
RSS0001739	28964155.0	264.0	20102428.0	69.4	283.35	21706827.0	21684288.0	21492990.0	170296.0	23995.0	19546.0	0.34	0.01	1.91	0.01	1.68	675392.0	2.33	3386.0	0.01	0.0	28.13	0.12	0	8148190	34759
RSS0001740	25990103.0	268.0	18564131.0	71.43	283.67	20070264.0	20049391.0	19869538.0	156569.0	26712.0	17445.0	0.32	0.01	1.9	0.01	1.68	628400.0	2.42	2753.0	0.01	0.0	26.03	0.11	0	6766226	28593
RSS0001741	29804928.0	266.0	20836830.0	69.91	283.15	23262817.0	23238436.0	23031985.0	184433.0	25816.0	20583.0	0.34	0.01	1.92	0.01	1.69	699919.0	2.35	2931.0	0.01	0.0	27.62	0.11	0	8232461	32787
RSS0001742	26134579.0	267.0	18497314.0	70.78	283.25	20364034.0	20342420.0	20163222.0	159797.0	22645.0	18370.0	0.36	0.01	1.91	0.01	1.68	613270.0	2.35	2549.0	0.01	0.0	26.75	0.11	0	6992691	28755
RSS0001743	26750698.0	266.0	18443621.0	68.95	283.06	20804880.0	20782660.0	20601323.0	161036.0	23750.0	18771.0	0.33	0.01	1.91	0.01	1.71	612741.0	2.29	2680.0	0.01	0.0	28.64	0.11	0	7662227	29429
RSS0001744	25677105.0	240.0	13163418.0	51.27	278.59	14447727.0	14430688.0	14305129.0	112876.0	16150.0	13572.0	0.39	0.01	1.93	0.01	1.68	476757.0	1.86	4340.0	0.02	0.0	46.73	0.13	0	11999209	33381
RSS0001745	30089181.0	257.0	18295917.0	60.81	281.13	19606966.0	19586440.0	19417395.0	150644.0	20960.0	17967.0	0.35	0.01	1.92	0.01	1.7	671024.0	2.23	4265.0	0.01	0.0	36.83	0.12	0	11081868	36107
RSS0001746	18408635.0	259.0	12109841.0	65.78	282.47	13210072.0	13195610.0	13082098.0	100803.0	15077.0	12094.0	0.35	0.01	1.92	0.01	1.68	408481.0	2.22	2313.0	0.01	0.0	31.87	0.11	0	5867747	20253
RSS0001747	40434530.0	266.0	28324061.0	70.05	283.29	29886519.0	29858539.0	29588240.0	234735.0	32489.0	31055.0	0.34	0.01	1.91	0.01	1.7	999455.0	2.47	4805.0	0.01	0.0	27.35	0.12	0	11057693	48516
RSS0001748	31925539.0	264.0	22240393.0	69.66	283.36	24002125.0	23977572.0	23765489.0	186440.0	27510.0	22686.0	0.34	0.01	1.92	0.01	1.7	756664.0	2.37	3807.0	0.01	0.0	27.84	0.12	0	8886372	38303
RSS0001749	32791665.0	263.0	22557753.0	68.79	283.27	25108859.0	25082941.0	24859621.0	199063.0	27947.0	22228.0	0.33	0.01	1.93	0.01	1.7	768066.0	2.34	3740.0	0.01	0.0	28.73	0.12	0	9422749	39357
RSS0001750	20505064.0	261.0	13910161.0	67.84	283.03	15325078.0	15308835.0	15175808.0	118352.0	16748.0	14170.0	0.35	0.01	1.92	0.01	1.69	472684.0	2.31	2421.0	0.01	0.0	29.73	0.12	0	6095196	24602
RSS0001751	28822548.0	258.0	18745175.0	65.04	282.49	20712588.0	20689986.0	20503530.0	166063.0	23591.0	19404.0	0.35	0.01	1.9	0.01	1.71	657499.0	2.28	3561.0	0.01	0.0	32.55	0.12	0	9381726	34587
RSS0001752	43173747.0	230.0	19478036.0	45.12	276.67	21310489.0	21285793.0	21094943.0	170587.0	23996.0	20963.0	0.37	0.01	1.92	0.01	1.7	746878.0	1.73	8802.0	0.02	0.0	53.0	0.14	0	22879594	60437
RSS0001753	28955590.0	267.0	20286910.0	70.06	283.13	22117433.0	22093290.0	21899126.0	173506.0	24491.0	20310.0	0.35	0.01	1.91	0.01	1.7	680775.0	2.35	3148.0	0.01	0.0	27.46	0.11	0	7952899	31858
RSS0001754	28032486.0	270.0	20834376.0	74.32	283.77	22704503.0	22681149.0	22480324.0	178901.0	25346.0	19932.0	0.36	0.01	1.92	0.01	1.68	687630.0	2.45	2625.0	0.01	0.0	23.11	0.11	0	6477025	30830
RSS0001755	22483984.0	267.0	15950147.0	70.94	283.28	17546758.0	17527568.0	17374978.0	135676.0	19702.0	16402.0	0.36	0.01	1.92	0.01	1.69	525795.0	2.34	2274.0	0.01	0.0	26.6	0.11	0	5981034	24734
RSS0001756	19763110.0	267.0	14028684.0	70.98	283.31	15144290.0	15127792.0	14994703.0	119913.0	16485.0	13189.0	0.37	0.01	1.93	0.01	1.69	462074.0	2.34	2139.0	0.01	0.0	26.55	0.11	0	5248468	21745
RSS0001757	22985976.0	268.0	16501701.0	71.79	283.27	18281681.0	18259737.0	18099312.0	147005.0	19749.0	15615.0	0.39	0.01	1.92	0.01	1.71	601094.0	2.62	3254.0	0.01	0.0	25.46	0.12	0	5852343	27584
RSS0001758	26250117.0	264.0	18028105.0	68.68	282.89	19836227.0	19814736.0	19640452.0	156347.0	21711.0	17717.0	0.36	0.01	1.93	0.01	1.68	609024.0	2.32	2894.0	0.01	0.0	28.87	0.12	0	7578593	31501
RSS0001759	23533527.0	264.0	15936204.0	67.72	282.67	17426464.0	17405143.0	17252137.0	138241.0	18667.0	17419.0	0.35	0.01	1.92	0.01	1.72	591485.0	2.51	3848.0	0.02	0.0	29.63	0.13	0	6971403	30587
RSS0001760	33430119.0	224.0	13966129.0	41.78	274.97	15188108.0	15167038.0	15032613.0	123253.0	16294.0	15948.0	0.39	0.01	1.91	0.01	1.71	604805.0	1.81	9540.0	0.03	0.0	56.24	0.15	0	18799504	50141
RSS0001761	21761718.0	266.0	15359600.0	70.58	283.46	16719807.0	16701727.0	16556473.0	129710.0	18473.0	15151.0	0.34	0.01	1.9	0.01	1.67	504792.0	2.32	2262.0	0.01	0.0	26.98	0.11	0	5871127	23937
RSS0001762	26311246.0	271.0	19338866.0	73.5	283.41	21060024.0	21038107.0	20834453.0	181023.0	23297.0	21251.0	0.37	0.01	1.91	0.01	1.82	1017904.0	3.87	2475.0	0.01	0.0	22.47	0.15	0	5912531	39470
RSS0001763	25753015.0	268.0	18613905.0	72.28	283.52	20599040.0	20576827.0	20391453.0	165748.0	23047.0	18792.0	0.36	0.01	1.93	0.01	1.68	622069.0	2.42	2525.0	0.01	0.0	25.18	0.11	0	6486181	28335
RSS0001764	23110199.0	269.0	16899921.0	73.13	283.68	18201893.0	18182154.0	18024501.0	141313.0	19998.0	16081.0	0.36	0.01	1.92	0.01	1.67	563518.0	2.44	2408.0	0.01	0.0	24.31	0.11	0	5618927	25425
RSS0001765	22186751.0	269.0	16174211.0	72.9	283.62	17609632.0	17588579.0	17434776.0	140146.0	18668.0	16042.0	0.37	0.01	1.91	0.01	1.71	600297.0	2.71	3700.0	0.02	0.0	24.25	0.13	0	5379703	28840
RSS0001766	22022203.0	267.0	15706903.0	71.32	283.54	16982918.0	16964187.0	16815759.0	133508.0	18648.0	15003.0	0.34	0.01	1.92	0.01	1.67	527319.0	2.39	2342.0	0.01	0.0	26.16	0.12	0	5759221	26418
RSS0001767	25153185.0	267.0	17909695.0	71.2	283.36	19979981.0	19956580.0	19780530.0	160076.0	21254.0	18121.0	0.35	0.01	1.92	0.01	1.72	681897.0	2.71	3957.0	0.02	0.0	25.94	0.13	0	6524936	32700
RSS0001768	27610458.0	248.0	14922143.0	54.05	278.79	15557787.0	15537185.0	15399657.0	126751.0	16385.0	14994.0	0.42	0.01	1.94	0.01	1.7	634801.0	2.3	6821.0	0.02	0.0	43.49	0.14	0	12008038	38655
RSS0001769	25754006.0	269.0	18445864.0	71.62	283.45	20163245.0	20141433.0	19966155.0	156453.0	22562.0	18075.0	0.34	0.01	1.9	0.01	1.68	613379.0	2.38	2416.0	0.01	0.0	25.87	0.11	0	6664011	28336
RSS0001770	25779926.0	268.0	18515354.0	71.82	283.4	20347746.0	20326527.0	20149474.0	156838.0	23970.0	17464.0	0.36	0.01	1.91	0.01	1.67	614821.0	2.38	2544.0	0.01	0.0	25.67	0.11	0	6618844	28363
RSS0001771	26518395.0	268.0	18766701.0	70.77	282.99	20851331.0	20829213.0	20645248.0	164889.0	22771.0	18423.0	0.39	0.01	1.91	0.01	1.67	619428.0	2.34	2520.0	0.01	0.0	26.77	0.11	0	7100569	29177
RSS0001772	24622607.0	268.0	17620771.0	71.56	283.59	19262665.0	19242128.0	19074095.0	149954.0	21725.0	16891.0	0.35	0.01	1.92	0.01	1.68	581787.0	2.36	2401.0	0.01	0.0	25.95	0.11	0	6390559	27089
RSS0001773	28076335.0	263.0	18977246.0	67.59	282.88	20667447.0	20645065.0	20463521.0	161629.0	23194.0	19103.0	0.34	0.01	1.92	0.01	1.73	634171.0	2.26	3416.0	0.01	0.0	30.02	0.12	0	8427813	33689
RSS0001774	20813662.0	267.0	14761951.0	70.92	283.41	16097724.0	16080106.0	15939576.0	125883.0	18053.0	14212.0	0.35	0.01	1.92	0.01	1.69	482678.0	2.32	2168.0	0.01	0.0	26.63	0.11	0	5543965	22900
RSS0001775	18840479.0	266.0	13191281.0	70.02	283.35	14485604.0	14469855.0	14339569.0	113898.0	19280.0	12857.0	0.33	0.01	1.92	0.01	1.68	430364.0	2.28	1963.0	0.01	0.0	27.58	0.11	0	5196147	20724
RSS0001776	28133227.0	250.0	15414127.0	54.79	279.31	16671526.0	16652137.0	16505039.0	131920.0	18815.0	15752.0	0.39	0.01	1.93	0.01	1.68	558461.0	1.99	3880.0	0.01	0.0	43.09	0.12	0	12122998	33761
RSS0001777	29350357.0	266.0	20683582.0	70.47	283.4	22468377.0	22444196.0	22247367.0	176285.0	24706.0	20019.0	0.34	0.01	1.91	0.01	1.68	689145.0	2.35	3070.0	0.01	0.0	27.06	0.11	0	7942274	32286
RSS0001778	24189305.0	266.0	17165422.0	70.96	283.28	18681865.0	18662362.0	18496656.0	147813.0	20675.0	16721.0	0.37	0.01	1.92	0.01	1.68	572544.0	2.37	2543.0	0.01	0.0	26.55	0.11	0	6422188	26608
RSS0001779	29538948.0	266.0	21012745.0	71.14	283.37	23261501.0	23236723.0	23028277.0	186357.0	26154.0	20713.0	0.35	0.01	1.93	0.01	1.68	694869.0	2.35	3076.0	0.01	0.0	26.39	0.11	0	7795763	32495
RSS0001780	25116279.0	265.0	17571616.0	69.96	283.33	19278481.0	19257690.0	19089546.0	149632.0	21683.0	17620.0	0.35	0.01	1.92	0.01	1.7	577963.0	2.3	2761.0	0.01	0.0	27.61	0.12	0	6933803	30136
RSS0001781	25466725.0	267.0	17962455.0	70.53	283.17	19854069.0	19832725.0	19658801.0	155763.0	21763.0	17742.0	0.35	0.01	1.93	0.01	1.67	594044.0	2.33	2619.0	0.01	0.0	27.01	0.12	0	6877054	30553
RSS0001782	28867501.0	266.0	20238971.0	70.11	282.98	22281863.0	22257975.0	22063943.0	172993.0	24940.0	19987.0	0.39	0.01	1.92	0.01	1.69	677037.0	2.35	3014.0	0.01	0.0	27.42	0.11	0	7916720	31759
RSS0001783	28506457.0	265.0	19713228.0	69.15	283.17	21774577.0	21751357.0	21560547.0	169672.0	24631.0	19727.0	0.34	0.01	1.92	0.01	1.7	659186.0	2.31	3000.0	0.01	0.0	28.41	0.11	0	8099682	31361
RSS0001784	32103720.0	255.0	18709450.0	58.28	280.4	20386391.0	20363201.0	20178379.0	160460.0	28568.0	18984.0	0.36	0.01	1.92	0.01	1.67	667143.0	2.08	4171.0	0.01	0.0	39.51	0.12	0	12684431	38525
RSS0001785	30944253.0	268.0	22446970.0	72.54	283.6	24366823.0	24341295.0	24121627.0	195655.0	27279.0	22262.0	0.36	0.01	1.9	0.01	1.69	746092.0	2.41	3113.0	0.01	0.0	24.92	0.11	0	7714027	34051
RSS0001786	31828865.0	267.0	22568498.0	70.91	283.53	24866304.0	24840488.0	24620766.0	194358.0	28389.0	22791.0	0.33	0.01	1.9	0.01	1.7	750343.0	2.36	3146.0	0.01	0.0	26.61	0.11	0	8471857	35021
RSS0001787	26098717.0	264.0	18013534.0	69.02	282.89	20047079.0	20025302.0	19846834.0	158748.0	22896.0	18601.0	0.36	0.01	1.92	0.01	1.7	595034.0	2.28	2693.0	0.01	0.0	28.57	0.12	0	7456139	31317
RSS0001788	30765552.0	268.0	22076767.0	71.76	283.52	24321856.0	24296240.0	24077784.0	193906.0	27191.0	22975.0	0.34	0.01	1.92	0.01	1.71	726273.0	2.36	3233.0	0.01	0.0	25.76	0.11	0	7925436	33843
RSS0001789	24571903.0	268.0	17622496.0	71.72	283.54	19081045.0	19060238.0	18894402.0	148322.0	21088.0	17233.0	0.34	0.01	1.9	0.01	1.69	583210.0	2.37	2562.0	0.01	0.0	25.79	0.11	0	6336608	27027
RSS0001790	29085237.0	266.0	20213418.0	69.5	283.05	22248010.0	22223950.0	22028294.0	174278.0	24872.0	20566.0	0.35	0.01	1.92	0.01	1.7	667397.0	2.29	2987.0	0.01	0.0	28.08	0.11	0	8169432	32003
RSS0001791	27684662.0	261.0	18358255.0	66.31	282.65	19914144.0	19892788.0	19715394.0	159019.0	22196.0	17535.0	0.34	0.01	1.92	0.01	1.67	624586.0	2.26	3589.0	0.01	0.0	31.3	0.12	0	8665012	33220
RSS0001792	25228011.0	261.0	16314609.0	64.67	281.93	17873245.0	17852461.0	17696698.0	139527.0	19854.0	17166.0	0.37	0.01	1.93	0.01	1.7	561107.0	2.22	2878.0	0.01	0.0	32.98	0.12	0	8319147	30270
RSS0001793	31122799.0	265.0	21587013.0	69.36	283.22	23546022.0	23520630.0	23310723.0	186491.0	26697.0	22111.0	0.35	0.01	1.92	0.01	1.69	727444.0	2.34	3192.0	0.01	0.0	28.17	0.12	0	8767800	37350
RSS0001794	30128955.0	267.0	21384663.0	70.98	283.44	23432596.0	23408172.0	23203146.0	182482.0	25718.0	21250.0	0.35	0.01	1.91	0.01	1.67	714986.0	2.37	3029.0	0.01	0.0	26.53	0.11	0	7993135	33142
RSS0001795	29395508.0	269.0	21384531.0	72.75	283.54	23652087.0	23626548.0	23418402.0	185751.0	26311.0	21623.0	0.36	0.01	1.91	0.01	1.7	700918.0	2.38	2640.0	0.01	0.0	24.74	0.12	0	7272146	35273
RSS0001796	27376012.0	267.0	19383459.0	70.8	283.34	21468391.0	21445100.0	21258221.0	166405.0	23825.0	19940.0	0.36	0.01	1.92	0.01	1.71	641180.0	2.34	2887.0	0.01	0.0	26.73	0.11	0	7318369	30117
RSS0001797	24017234.0	268.0	17136468.0	71.35	283.43	18708637.0	18688522.0	18518380.0	148163.0	25059.0	17035.0	0.36	0.01	1.93	0.01	1.7	586166.0	2.44	2317.0	0.01	0.0	26.09	0.11	0	6265865	26418
RSS0001798	21463573.0	267.0	15306594.0	71.31	283.48	16760915.0	16742640.0	16593176.0	133033.0	19766.0	14940.0	0.35	0.01	1.92	0.01	1.67	501323.0	2.34	2124.0	0.01	0.0	26.23	0.11	0	5629922	23610
RSS0001799	21969188.0	267.0	15563225.0	70.84	283.4	17096069.0	17077563.0	16927526.0	134107.0	19071.0	15365.0	0.34	0.01	1.92	0.01	1.69	512107.0	2.33	2146.0	0.01	0.0	26.71	0.11	0	5867546	24164
RSS0001800	27186038.0	265.0	18495971.0	68.03	282.65	20377622.0	20355055.0	20174195.0	161021.0	22741.0	19665.0	0.37	0.01	1.91	0.01	1.71	621796.0	2.29	2993.0	0.01	0.0	29.55	0.11	0	8035366	29912
RSS0001801	33305694.0	268.0	23827542.0	71.54	283.45	26117689.0	26089703.0	25856171.0	208214.0	29389.0	23915.0	0.36	0.01	1.92	0.01	1.7	795191.0	2.39	3193.0	0.01	0.0	25.95	0.11	0	8643130	36638
RSS0001802	31524001.0	266.0	22390306.0	71.03	283.37	24569758.0	24544092.0	24329005.0	190919.0	27252.0	22582.0	0.35	0.01	1.92	0.01	1.7	744790.0	2.36	3322.0	0.01	0.0	26.48	0.12	0	8347753	37830
RSS0001803	29368974.0	265.0	20609169.0	70.17	283.41	22545899.0	22521984.0	22322221.0	178028.0	25114.0	20536.0	0.33	0.01	1.91	0.01	1.69	685073.0	2.33	3111.0	0.01	0.0	27.37	0.11	0	8039311	32310
RSS0001804	30318331.0	265.0	21073029.0	69.51	283.34	23129312.0	23104300.0	22902217.0	180024.0	25872.0	21199.0	0.33	0.01	1.93	0.01	1.69	704032.0	2.32	3462.0	0.01	0.0	28.04	0.12	0	8501425	36383
RSS0001805	33142070.0	250.0	18602454.0	56.13	278.99	19864258.0	19840422.0	19640460.0	183228.0	21127.0	19443.0	0.36	0.01	1.93	0.01	1.86	1050060.0	3.17	4750.0	0.01	0.0	40.53	0.16	0	13431781	53025
RSS0001806	26972228.0	268.0	18973523.0	70.34	282.9	20679675.0	20656813.0	20465167.0	172014.0	23169.0	19325.0	0.35	0.01	1.92	0.01	1.84	986384.0	3.66	2804.0	0.01	0.0	25.84	0.15	0	6969062	40455
RSS0001807	23495299.0	267.0	16400350.0	69.8	282.94	18122488.0	18102987.0	17938828.0	146885.0	20332.0	16443.0	0.34	0.01	1.92	0.01	1.77	689928.0	2.94	2497.0	0.01	0.0	27.11	0.14	0	6369630	32894
RSS0001808	22122870.0	261.0	14207148.0	64.22	281.38	15291719.0	15273814.0	15125148.0	135320.0	16919.0	14332.0	0.36	0.01	1.92	0.01	1.85	777003.0	3.51	2584.0	0.01	0.0	32.1	0.16	0	7100742	35393
RSS0001809	31459325.0	264.0	21683421.0	68.93	283.0	23674902.0	23649117.0	23432670.0	188144.0	32053.0	22035.0	0.36	0.01	1.93	0.01	1.69	726819.0	2.31	3538.0	0.01	0.0	28.64	0.11	0	9010938	34609
RSS0001810	29589550.0	269.0	21239913.0	71.78	283.35	22759271.0	22734807.0	22532842.0	180433.0	25291.0	20705.0	0.38	0.01	1.92	0.01	1.68	713077.0	2.41	3098.0	0.01	0.0	25.68	0.11	0	7600904	32558
RSS0001811	31529109.0	268.0	22284504.0	70.68	283.08	23581745.0	23556465.0	23332151.0	203111.0	25932.0	20551.0	0.35	0.01	1.92	0.01	1.8	1086763.0	3.45	3605.0	0.01	0.0	25.71	0.15	0	8106939	47298
RSS0001812	35771244.0	267.0	24954706.0	69.76	282.95	27119578.0	27090755.0	26834820.0	229500.0	30594.0	24664.0	0.35	0.01	1.92	0.01	1.78	1113624.0	3.11	3826.0	0.01	0.0	26.97	0.15	0	9645443	53645
RSS0001813	27425496.0	264.0	18874833.0	68.82	283.17	20507487.0	20485162.0	20304008.0	161563.0	23211.0	18705.0	0.35	0.01	1.92	0.01	1.7	634332.0	2.31	3142.0	0.01	0.0	28.74	0.11	0	7883017	30172
RSS0001814	29974857.0	267.0	21173750.0	70.64	283.37	23416645.0	23392113.0	23186163.0	182997.0	26562.0	20923.0	0.34	0.01	1.92	0.01	1.68	708272.0	2.36	2927.0	0.01	0.0	26.87	0.12	0	8053940	35968
RSS0001815	23798496.0	267.0	16900196.0	71.01	283.48	18350066.0	18330150.0	18171232.0	141655.0	20818.0	16361.0	0.34	0.01	1.91	0.01	1.69	559221.0	2.35	2501.0	0.01	0.0	26.51	0.11	0	6310394	26184
RSS0001816	22780879.0	263.0	15145707.0	66.48	282.59	16284961.0	16266623.0	16126639.0	124566.0	18313.0	15443.0	0.35	0.01	1.91	0.01	1.69	537486.0	2.36	2758.0	0.01	0.0	31.03	0.11	0	7069866	25062
RSS0001817	27119149.0	263.0	18568206.0	68.47	282.93	20079884.0	20057657.0	19877985.0	160477.0	22825.0	18597.0	0.37	0.01	1.9	0.01	1.69	626917.0	2.31	3243.0	0.01	0.0	29.09	0.11	0	7890944	29839
RSS0001819	32239814.0	264.0	22179848.0	68.8	282.26	24433527.0	24407158.0	24190740.0	193233.0	27079.0	22475.0	0.46	0.01	1.91	0.01	1.69	759850.0	2.36	3194.0	0.01	0.0	28.72	0.12	0	9258239	38683
RSS0001820	34642786.0	265.0	24297029.0	70.14	283.37	26754829.0	26726556.0	26483851.0	217068.0	29380.0	24530.0	0.34	0.01	1.92	0.01	1.69	827792.0	2.39	3754.0	0.01	0.0	27.35	0.11	0	9476099	38112
RSS0001821	30952511.0	265.0	21539345.0	69.59	283.13	23776234.0	23749784.0	23537340.0	190402.0	27014.0	21478.0	0.35	0.01	1.91	0.01	1.69	779489.0	2.52	3776.0	0.01	0.0	27.76	0.12	0	8592757	37144
RSS0001822	31580316.0	268.0	22280480.0	70.55	283.38	24353212.0	24327157.0	24107531.0	195255.0	28175.0	22251.0	0.34	0.01	1.91	0.01	1.69	755188.0	2.39	3138.0	0.01	0.0	26.93	0.11	0	8506763	34747
RSS0001823	19874699.0	261.0	13547577.0	68.16	281.83	14813391.0	14796134.0	14667103.0	116966.0	16168.0	13154.0	0.51	0.01	1.91	0.01	1.69	491606.0	2.47	2818.0	0.01	0.0	29.22	0.12	0	5808842	23856
RSS0001824	27226923.0	262.0	17861960.0	65.6	282.11	19587291.0	19564959.0	19390208.0	157496.0	22507.0	17080.0	0.37	0.01	1.92	0.01	1.69	658234.0	2.42	3774.0	0.01	0.0	31.84	0.12	0	8670278	32677
RSS0001825	35762275.0	266.0	24781554.0	69.3	283.07	26974369.0	26945516.0	26702099.0	215602.0	30649.0	26019.0	0.35	0.01	1.91	0.01	1.71	844045.0	2.36	3952.0	0.01	0.0	28.22	0.11	0	10093381	39343
RSS0001826	29729498.0	268.0	21357988.0	71.84	283.34	23318895.0	23295036.0	23078470.0	194276.0	25402.0	20747.0	0.35	0.01	1.91	0.01	1.77	922804.0	3.1	3147.0	0.01	0.0	24.91	0.14	0	7403947	41612
RSS0001827	30083393.0	268.0	21538020.0	71.59	283.33	22954405.0	22930126.0	22725932.0	182945.0	25187.0	20341.0	0.38	0.01	1.92	0.01	1.69	734171.0	2.44	3109.0	0.01	0.0	25.84	0.12	0	7772000	36093
RSS0001828	25075581.0	264.0	17126815.0	68.3	282.87	18698133.0	18677477.0	18512298.0	147661.0	21257.0	16917.0	0.36	0.01	1.91	0.01	1.68	575714.0	2.3	2662.0	0.01	0.0	29.28	0.11	0	7342804	27586
RSS0001829	27272934.0	265.0	18677902.0	68.49	282.5	20387774.0	20365392.0	20168756.0	178637.0	22276.0	18105.0	0.35	0.01	1.91	0.01	1.82	928788.0	3.41	2923.0	0.01	0.0	27.95	0.15	0	7622414	40907
RSS0001830	32130827.0	267.0	22859500.0	71.15	283.3	24543722.0	24517293.0	24288191.0	206219.0	26932.0	22380.0	0.34	0.01	1.91	0.01	1.8	1066501.0	3.32	3553.0	0.01	0.0	25.37	0.15	0	8153068	48205
RSS0001831	25233254.0	268.0	17739970.0	70.3	282.96	18555329.0	18534913.0	18357138.0	160999.0	20337.0	16855.0	0.35	0.01	1.92	0.01	1.86	979752.0	3.88	2989.0	0.01	0.0	25.65	0.16	0	6470183	40360
RSS0001832	26956051.0	259.0	16671696.0	61.85	280.71	18104943.0	18083698.0	17924797.0	143332.0	19941.0	16873.0	0.35	0.01	1.93	0.01	1.85	911866.0	3.38	3296.0	0.01	0.0	34.61	0.15	0	9328762	40431
RSS0001833	33478829.0	258.0	21115000.0	63.07	281.59	22723172.0	22698441.0	22498730.0	177388.0	25973.0	21081.0	0.39	0.01	1.9	0.01	1.69	748660.0	2.24	4474.0	0.01	0.0	34.56	0.12	0	11570520	40175
RSS0001834	23495894.0	268.0	16675790.0	70.97	283.18	18377336.0	18357406.0	18183869.0	156375.0	20492.0	16600.0	0.33	0.01	1.91	0.01	1.85	863159.0	3.67	2421.0	0.01	0.0	25.19	0.15	0	5919276	35248
RSS0001835	25425645.0	267.0	18062402.0	71.04	282.83	19456467.0	19434668.0	19266079.0	151267.0	21538.0	17583.0	0.45	0.01	1.91	0.01	1.69	611530.0	2.41	2548.0	0.01	0.0	26.44	0.11	0	6721202	27963
RSS0001836	27216597.0	267.0	19183739.0	70.49	283.39	20854976.0	20832574.0	20646843.0	165271.0	23297.0	19565.0	0.34	0.01	1.91	0.01	1.69	646774.0	2.38	2816.0	0.01	0.0	27.01	0.11	0	7353321	29947
RSS0001837	21611790.0	268.0	15414858.0	71.33	283.46	17203537.0	17183046.0	17031065.0	137751.0	18621.0	16100.0	0.34	0.01	1.9	0.01	1.72	591490.0	2.74	3139.0	0.01	0.0	25.8	0.12	0	5576366	25937
RSS0001838	26528300.0	267.0	18703906.0	70.51	283.37	20401520.0	20379322.0	20200994.0	160017.0	22489.0	18020.0	0.35	0.01	1.92	0.01	1.69	638118.0	2.41	2755.0	0.01	0.0	26.97	0.11	0	7154341	29180
RSS0001839	24313296.0	266.0	16902552.0	69.52	282.98	19703910.0	19681579.0	19510858.0	153366.0	21296.0	18390.0	0.34	0.01	1.92	0.01	1.72	662247.0	2.72	3255.0	0.01	0.0	27.62	0.12	0	6716063	29179
RSS0001840	36253463.0	240.0	18021982.0	49.71	277.88	20310274.0	20284904.0	20092997.0	169478.0	27510.0	20289.0	0.35	0.01	1.93	0.01	1.69	812096.0	2.24	8204.0	0.02	0.0	47.89	0.14	0	17360430	50751
RSS0001841	37599485.0	237.0	17540831.0	46.65	277.09	18452276.0	18429445.0	18259577.0	153918.0	20132.0	18649.0	0.37	0.01	1.9	0.01	1.7	834384.0	2.22	6736.0	0.02	0.0	50.99	0.12	0	19172414	45120
RSS0001842	31145911.0	254.0	18564954.0	59.61	279.98	20018027.0	19994986.0	19806191.0	170969.0	21573.0	19294.0	0.39	0.01	1.91	0.01	1.82	984902.0	3.16	4265.0	0.01	0.0	37.06	0.15	0	11545061	46729
RSS0001843	35218554.0	265.0	24347024.0	69.13	283.09	26560130.0	26532339.0	26297231.0	209331.0	29570.0	23998.0	0.36	0.01	1.9	0.01	1.68	839398.0	2.38	3343.0	0.01	0.0	28.36	0.11	0	9990041	38748
RSS0001844	30398969.0	266.0	21275618.0	69.99	283.32	22581133.0	22557083.0	22357916.0	177952.0	24625.0	20640.0	0.34	0.01	1.93	0.01	1.68	729431.0	2.4	3511.0	0.01	0.0	27.48	0.12	0	8353929	36480
RSS0001845	17534527.0	261.0	11924767.0	68.01	281.94	13386040.0	13369999.0	13256246.0	102800.0	14830.0	12164.0	0.49	0.01	1.9	0.01	1.72	451571.0	2.58	2572.0	0.01	0.0	29.28	0.12	0	5134574	21043
RSS0001846	30936749.0	254.0	19434593.0	62.82	282.17	21421865.0	21397795.0	21208993.0	168425.0	23809.0	20638.0	0.33	0.01	1.91	0.01	1.7	676638.0	2.19	4261.0	0.01	0.0	34.85	0.12	0	10784124	37133
RSS0001847	27468384.0	245.0	14954181.0	54.44	279.53	17042514.0	17021959.0	16872802.0	134050.0	19276.0	16386.0	0.35	0.01	1.92	0.01	1.7	624712.0	2.27	5297.0	0.02	0.0	43.13	0.13	0	11848481	35713
RSS0001848	48260781.0	218.0	18241311.0	37.8	272.75	20506107.0	20478710.0	20289957.0	170205.0	23141.0	22804.0	0.39	0.01	1.91	0.01	1.71	895650.0	1.86	12238.0	0.03	0.0	60.18	0.14	0	29044015	67567
RSS0002237	11450131.0	277.0	9165653.0	80.05	284.86	9899103.0	9889347.0	9803135.0	76650.0	10525.0	8793.0	0.35	0.01	1.9	0.01	1.85	423841.0	3.7	1020.0	0.01	0.0	16.1	0.14	0	1843586	16031
